date,buy_mb,sell_mb,buy_sell_mb,net_mb,nvdr_pct,symbol,sector,cumulative_net_mb
2020-01-02,83.68,108.57,192.25,-24.88,9.5,KCE,Etron,-24.88
2020-01-03,153.37,69.95,223.32,83.42,14.73,KCE,Etron,58.540000000000006
2020-01-06,182.2,53.2,235.4,129.0,15.01,KCE,Etron,187.54000000000002
2020-01-07,102.08,42.08,144.16,60.0,13.81,KCE,Etron,247.54000000000002
2020-01-08,113.95,50.35,164.3,63.59,10.4,KCE,Etron,311.13
2020-01-09,115.23,161.7,276.92,-46.47,15.83,KCE,Etron,264.65999999999997
2020-01-10,60.2,135.65,195.85,-75.45,14.32,KCE,Etron,189.20999999999998
2020-01-13,126.21,26.34,152.55,99.87,13.48,KCE,Etron,289.08
2020-01-14,106.84,100.73,207.57,6.11,15.54,KCE,Etron,295.19
2020-01-15,27.37,70.34,97.71,-42.97,18.3,KCE,Etron,252.22
2020-01-16,66.26,104.63,170.89,-38.36,17.8,KCE,Etron,213.86
2020-01-17,304.56,223.64,528.2,80.91,17.33,KCE,Etron,294.77
2020-01-20,81.72,248.55,330.27,-166.83,19.36,KCE,Etron,127.93999999999997
2020-01-21,135.81,238.72,374.53,-102.92,18.43,KCE,Etron,25.019999999999968
2020-01-22,58.06,167.04,225.09,-108.98,16.99,KCE,Etron,-83.96000000000004
2020-01-23,198.51,163.78,362.29,34.73,15.13,KCE,Etron,-49.23000000000004
2020-01-24,26.58,125.49,152.07,-98.9,16.31,KCE,Etron,-148.13000000000005
2020-01-27,56.34,94.78,151.12,-38.43,10.4,KCE,Etron,-186.56000000000006
2020-01-28,106.77,196.85,303.62,-90.08,8.05,KCE,Etron,-276.64000000000004
2020-01-29,160.08,139.43,299.51,20.65,10.87,KCE,Etron,-255.99000000000004
2020-01-30,132.69,119.88,252.58,12.81,12.04,KCE,Etron,-243.18000000000004
2020-01-31,54.67,67.25,121.92,-12.58,10.68,KCE,Etron,-255.76000000000005
2020-02-03,50.19,56.04,106.23,-5.85,16.2,KCE,Etron,-261.61000000000007
2020-02-04,134.43,55.19,189.62,79.24,15.96,KCE,Etron,-182.37000000000006
2020-02-05,422.2,168.33,590.53,253.87,24.11,KCE,Etron,71.49999999999994
2020-02-06,231.55,90.16,321.7,141.39,15.7,KCE,Etron,212.88999999999993
2020-02-07,104.71,117.71,222.42,-12.99,18.05,KCE,Etron,199.89999999999992
2020-02-11,58.3,40.44,98.74,17.86,15.75,KCE,Etron,217.75999999999993
2020-02-12,386.57,208.33,594.89,178.24,19.11,KCE,Etron,395.99999999999994
2020-02-13,272.3,526.86,799.16,-254.56,14.58,KCE,Etron,141.43999999999994
2020-02-14,140.79,163.77,304.56,-22.98,7.79,KCE,Etron,118.45999999999994
2020-02-17,361.24,100.64,461.88,260.6,16.44,KCE,Etron,379.05999999999995
2020-02-18,164.58,74.56,239.14,90.02,15.09,KCE,Etron,469.0799999999999
2020-02-19,182.12,119.83,301.94,62.29,15.38,KCE,Etron,531.3699999999999
2020-02-20,194.23,182.19,376.42,12.03,19.2,KCE,Etron,543.3999999999999
2020-02-21,94.95,125.89,220.84,-30.93,15.14,KCE,Etron,512.4699999999999
2020-02-24,201.28,189.42,390.7,11.86,17.83,KCE,Etron,524.3299999999999
2020-02-25,108.66,92.9,201.56,15.77,11.47,KCE,Etron,540.0999999999999
2020-02-26,284.29,272.01,556.3,12.28,14.42,KCE,Etron,552.3799999999999
2020-02-27,248.78,163.19,411.97,85.59,18.68,KCE,Etron,637.9699999999999
2020-02-28,135.85,151.54,287.39,-15.69,19.2,KCE,Etron,622.2799999999999
2020-03-02,223.65,146.38,370.03,77.27,19.19,KCE,Etron,699.5499999999998
2020-03-03,79.82,102.79,182.61,-22.97,16.63,KCE,Etron,676.5799999999998
2020-03-04,96.77,151.52,248.29,-54.76,14.71,KCE,Etron,621.8199999999998
2020-03-05,179.74,201.64,381.38,-21.89,18.69,KCE,Etron,599.9299999999998
2020-03-06,62.51,133.79,196.3,-71.28,18.65,KCE,Etron,528.6499999999999
2020-03-09,112.18,70.09,182.27,42.1,18.43,KCE,Etron,570.7499999999999
2020-03-10,108.61,170.98,279.59,-62.38,26.87,KCE,Etron,508.3699999999999
2020-03-11,65.63,87.99,153.62,-22.36,22.5,KCE,Etron,486.0099999999999
2020-03-12,113.27,62.39,175.66,50.88,21.39,KCE,Etron,536.8899999999999
2020-03-13,70.92,106.98,177.9,-36.06,19.16,KCE,Etron,500.82999999999987
2020-03-16,45.74,76.46,122.2,-30.72,29.29,KCE,Etron,470.1099999999999
2020-03-17,38.7,96.35,135.05,-57.66,23.8,KCE,Etron,412.44999999999993
2020-03-18,33.23,49.46,82.68,-16.23,21.83,KCE,Etron,396.2199999999999
2020-03-19,25.66,73.54,99.21,-47.88,17.57,KCE,Etron,348.3399999999999
2020-03-20,51.1,87.63,138.74,-36.53,13.03,KCE,Etron,311.80999999999995
2020-03-23,33.45,34.84,68.29,-1.39,11.11,KCE,Etron,310.41999999999996
2020-03-24,46.42,32.02,78.44,14.41,17.41,KCE,Etron,324.83
2020-03-25,56.53,50.22,106.75,6.32,12.54,KCE,Etron,331.15
2020-03-26,41.5,41.05,82.56,0.45,13.05,KCE,Etron,331.59999999999997
2020-03-27,58.25,25.89,84.14,32.37,15.7,KCE,Etron,363.96999999999997
2020-03-30,19.46,49.11,68.57,-29.65,21.72,KCE,Etron,334.32
2020-03-31,72.08,50.09,122.17,21.98,11.88,KCE,Etron,356.3
2020-04-01,55.0,75.49,130.49,-20.49,9.02,KCE,Etron,335.81
2020-04-02,25.31,112.27,137.58,-86.96,11.7,KCE,Etron,248.85000000000002
2020-04-03,48.96,92.91,141.86,-43.95,16.27,KCE,Etron,204.90000000000003
2020-04-07,138.09,78.57,216.66,59.53,15.11,KCE,Etron,264.43000000000006
2020-04-08,74.35,68.49,142.84,5.86,11.55,KCE,Etron,270.2900000000001
2020-04-09,77.13,96.44,173.57,-19.31,11.12,KCE,Etron,250.98000000000008
2020-04-10,30.36,25.03,55.39,5.33,9.5,KCE,Etron,256.31000000000006
2020-04-13,31.85,29.42,61.27,2.43,6.25,KCE,Etron,258.74000000000007
2020-04-14,96.84,144.26,241.1,-47.42,9.18,KCE,Etron,211.32000000000005
2020-04-15,44.16,45.6,89.76,-1.44,7.91,KCE,Etron,209.88000000000005
2020-04-16,75.9,91.51,167.41,-15.61,7.76,KCE,Etron,194.27000000000004
2020-04-17,119.52,27.41,146.93,92.11,12.47,KCE,Etron,286.38000000000005
2020-04-20,61.97,47.47,109.44,14.5,11.56,KCE,Etron,300.88000000000005
2020-04-21,37.88,35.55,73.43,2.33,10.05,KCE,Etron,303.21000000000004
2020-04-22,43.47,51.32,94.8,-7.85,7.44,KCE,Etron,295.36
2020-04-23,48.72,51.6,100.32,-2.88,14.26,KCE,Etron,292.48
2020-04-24,82.69,62.44,145.13,20.26,12.52,KCE,Etron,312.74
2020-04-27,33.4,28.84,62.24,4.56,10.64,KCE,Etron,317.3
2020-04-28,38.96,35.15,74.1,3.81,8.69,KCE,Etron,321.11
2020-04-29,99.62,55.84,155.46,43.78,10.04,KCE,Etron,364.89
2020-04-30,260.35,215.42,475.78,44.93,12.77,KCE,Etron,409.82
2020-05-05,147.37,261.32,408.69,-113.94,13.62,KCE,Etron,295.88
2020-05-07,233.87,151.73,385.6,82.14,17.61,KCE,Etron,378.02
2020-05-08,117.3,169.2,286.5,-51.9,25.93,KCE,Etron,326.12
2020-05-11,103.27,99.33,202.6,3.94,18.2,KCE,Etron,330.06
2020-05-12,154.72,124.54,279.26,30.18,20.19,KCE,Etron,360.24
2020-05-13,205.43,206.06,411.5,-0.63,9.45,KCE,Etron,359.61
2020-05-14,90.55,137.97,228.52,-47.43,18.12,KCE,Etron,312.18
2020-05-15,118.25,101.71,219.96,16.53,21.22,KCE,Etron,328.71000000000004
2020-05-18,60.58,80.26,140.85,-19.68,20.07,KCE,Etron,309.03000000000003
2020-05-19,141.6,100.88,242.48,40.73,15.89,KCE,Etron,349.76000000000005
2020-05-20,238.96,190.09,429.05,48.87,22.4,KCE,Etron,398.63000000000005
2020-05-21,73.79,70.03,143.81,3.76,16.86,KCE,Etron,402.39000000000004
2020-05-22,76.29,71.56,147.85,4.73,18.91,KCE,Etron,407.12000000000006
2020-05-25,83.04,66.06,149.1,16.99,15.98,KCE,Etron,424.11000000000007
2020-05-26,334.34,316.83,651.17,17.5,16.22,KCE,Etron,441.61000000000007
2020-05-27,149.2,177.29,326.49,-28.1,9.16,KCE,Etron,413.51000000000005
2020-05-28,101.3,114.21,215.51,-12.9,14.98,KCE,Etron,400.61000000000007
2020-05-29,208.12,164.51,372.64,43.61,15.73,KCE,Etron,444.2200000000001
2020-06-01,64.22,87.29,151.51,-23.07,13.95,KCE,Etron,421.1500000000001
2020-06-02,37.27,33.68,70.94,3.59,10.83,KCE,Etron,424.74000000000007
2020-06-04,159.34,107.21,266.55,52.14,7.98,KCE,Etron,476.88000000000005
2020-06-05,67.51,59.22,126.73,8.3,9.68,KCE,Etron,485.18000000000006
2020-06-08,143.37,159.16,302.53,-15.78,10.79,KCE,Etron,469.4000000000001
2020-06-09,193.22,167.92,361.14,25.3,9.7,KCE,Etron,494.7000000000001
2020-06-10,78.38,131.32,209.7,-52.95,15.31,KCE,Etron,441.7500000000001
2020-06-11,77.99,116.7,194.69,-38.71,11.86,KCE,Etron,403.04000000000013
2020-06-12,65.34,46.46,111.8,18.87,11.33,KCE,Etron,421.91000000000014
2020-06-15,44.93,64.49,109.42,-19.56,22.57,KCE,Etron,402.35000000000014
2020-06-16,50.24,52.61,102.85,-2.37,17.5,KCE,Etron,399.98000000000013
2020-06-17,57.74,45.67,103.42,12.07,19.03,KCE,Etron,412.0500000000001
2020-06-18,202.18,117.52,319.7,84.66,17.65,KCE,Etron,496.71000000000015
2020-06-19,77.12,42.25,119.37,34.87,16.44,KCE,Etron,531.5800000000002
2020-06-22,221.17,91.74,312.9,129.43,30.38,KCE,Etron,661.0100000000002
2020-06-23,49.4,40.46,89.86,8.94,12.41,KCE,Etron,669.9500000000003
2020-06-24,524.68,336.87,861.55,187.81,12.83,KCE,Etron,857.7600000000002
2020-06-25,153.78,221.51,375.29,-67.73,15.82,KCE,Etron,790.0300000000002
2020-06-26,110.86,132.03,242.89,-21.17,16.7,KCE,Etron,768.8600000000002
2020-06-29,263.0,153.54,416.54,109.46,20.26,KCE,Etron,878.3200000000003
2020-06-30,360.57,233.22,593.79,127.36,18.29,KCE,Etron,1005.6800000000003
2020-07-01,409.86,376.65,786.5,33.21,20.88,KCE,Etron,1038.8900000000003
2020-07-02,219.4,167.67,387.07,51.73,16.3,KCE,Etron,1090.6200000000003
2020-07-03,246.95,150.85,397.8,96.1,17.36,KCE,Etron,1186.7200000000003
2020-07-07,273.43,184.95,458.38,88.48,16.34,KCE,Etron,1275.2000000000003
2020-07-08,142.67,135.3,277.96,7.37,15.29,KCE,Etron,1282.5700000000002
2020-07-09,129.72,98.16,227.88,31.56,32.59,KCE,Etron,1314.13
2020-07-10,367.6,270.89,638.48,96.71,17.81,KCE,Etron,1410.8400000000001
2020-07-13,232.63,254.74,487.36,-22.11,15.78,KCE,Etron,1388.7300000000002
2020-07-14,142.08,205.29,347.37,-63.21,21.63,KCE,Etron,1325.5200000000002
2020-07-15,76.5,103.97,180.47,-27.47,19.41,KCE,Etron,1298.0500000000002
2020-07-16,60.29,41.64,101.93,18.66,17.5,KCE,Etron,1316.7100000000003
2020-07-17,102.36,47.04,149.4,55.33,22.07,KCE,Etron,1372.0400000000002
2020-07-20,34.43,13.41,47.84,21.02,13.05,KCE,Etron,1393.0600000000002
2020-07-21,102.24,107.63,209.88,-5.39,18.9,KCE,Etron,1387.67
2020-07-22,86.87,61.68,148.55,25.19,14.69,KCE,Etron,1412.8600000000001
2020-07-23,96.69,33.24,129.93,63.45,17.29,KCE,Etron,1476.3100000000002
2020-07-24,80.31,20.05,100.36,60.27,23.19,KCE,Etron,1536.5800000000002
2020-07-29,461.16,342.51,803.67,118.64,21.57,KCE,Etron,1655.2200000000003
2020-07-30,447.71,529.6,977.31,-81.89,14.06,KCE,Etron,1573.3300000000002
2020-07-31,153.7,117.25,270.94,36.45,14.29,KCE,Etron,1609.7800000000002
2020-08-03,140.22,212.06,352.28,-71.85,17.82,KCE,Etron,1537.9300000000003
2020-08-04,64.72,154.65,219.36,-89.93,16.46,KCE,Etron,1448.0000000000002
2020-08-05,88.99,50.91,139.9,38.07,16.61,KCE,Etron,1486.0700000000002
2020-08-06,81.42,81.5,162.92,-0.08,13.08,KCE,Etron,1485.9900000000002
2020-08-07,52.78,36.06,88.84,16.72,22.75,KCE,Etron,1502.7100000000003
2020-08-10,40.72,24.93,65.65,15.79,21.06,KCE,Etron,1518.5000000000002
2020-08-11,55.15,73.23,128.38,-18.08,13.23,KCE,Etron,1500.4200000000003
2020-08-13,515.88,344.61,860.5,171.27,16.92,KCE,Etron,1671.6900000000003
2020-08-14,146.27,158.33,304.6,-12.05,23.42,KCE,Etron,1659.6400000000003
2020-08-17,113.9,116.7,230.6,-2.8,17.28,KCE,Etron,1656.8400000000004
2020-08-18,89.78,67.31,157.09,22.46,20.63,KCE,Etron,1679.3000000000004
2020-08-19,135.95,121.57,257.52,14.38,14.07,KCE,Etron,1693.6800000000005
2020-08-20,135.44,104.61,240.06,30.83,20.57,KCE,Etron,1724.5100000000004
2020-08-21,183.0,128.12,311.12,54.88,18.3,KCE,Etron,1779.3900000000006
2020-08-24,270.36,115.83,386.19,154.54,13.98,KCE,Etron,1933.9300000000005
2020-08-25,47.99,153.98,201.97,-105.99,18.8,KCE,Etron,1827.9400000000005
2020-08-26,109.66,160.56,270.22,-50.9,15.97,KCE,Etron,1777.0400000000004
2020-08-27,54.77,152.29,207.06,-97.52,15.59,KCE,Etron,1679.5200000000004
2020-08-28,69.11,73.4,142.52,-4.29,13.26,KCE,Etron,1675.2300000000005
2020-08-31,85.33,112.58,197.91,-27.25,27.76,KCE,Etron,1647.9800000000005
2020-09-01,36.93,59.59,96.52,-22.66,16.38,KCE,Etron,1625.3200000000004
2020-09-02,43.7,56.47,100.16,-12.77,18.44,KCE,Etron,1612.5500000000004
2020-09-03,68.19,126.98,195.17,-58.8,17.74,KCE,Etron,1553.7500000000005
2020-09-08,47.85,86.56,134.41,-38.71,22.17,KCE,Etron,1515.0400000000004
2020-09-09,83.64,63.02,146.65,20.62,28.93,KCE,Etron,1535.6600000000003
2020-09-10,22.3,37.52,59.81,-15.22,26.36,KCE,Etron,1520.4400000000003
2020-09-11,23.23,34.56,57.79,-11.32,21.55,KCE,Etron,1509.1200000000003
2020-09-14,80.46,36.76,117.22,43.7,22.11,KCE,Etron,1552.8200000000004
2020-09-15,59.91,52.88,112.8,7.03,15.88,KCE,Etron,1559.8500000000004
2020-09-16,151.42,57.82,209.25,93.6,15.82,KCE,Etron,1653.4500000000003
2020-09-17,250.11,114.47,364.59,135.64,15.33,KCE,Etron,1789.0900000000001
2020-09-18,62.98,81.92,144.9,-18.94,18.07,KCE,Etron,1770.15
2020-09-21,25.29,38.0,63.28,-12.71,19.32,KCE,Etron,1757.44
2020-09-22,109.92,122.09,232.01,-12.17,18.25,KCE,Etron,1745.27
2020-09-23,43.92,55.21,99.13,-11.29,12.95,KCE,Etron,1733.98
2020-09-24,162.23,98.22,260.45,64.02,17.03,KCE,Etron,1798.0
2020-09-25,27.9,69.2,97.1,-41.31,21.09,KCE,Etron,1756.69
2020-09-28,54.52,102.29,156.81,-47.77,21.69,KCE,Etron,1708.92
2020-09-29,98.84,122.62,221.46,-23.78,20.4,KCE,Etron,1685.14
2020-09-30,69.18,110.62,179.8,-41.44,29.27,KCE,Etron,1643.7
2020-10-01,72.74,36.83,109.57,35.91,25.67,KCE,Etron,1679.6100000000001
2020-10-02,296.73,109.83,406.56,186.9,22.06,KCE,Etron,1866.5100000000002
2020-10-05,48.44,98.61,147.05,-50.16,26.61,KCE,Etron,1816.3500000000001
2020-10-06,41.65,60.72,102.37,-19.06,21.56,KCE,Etron,1797.2900000000002
2020-10-07,82.48,137.86,220.34,-55.38,22.59,KCE,Etron,1741.91
2020-10-08,116.89,120.12,237.0,-3.23,35.01,KCE,Etron,1738.68
2020-10-09,31.98,76.64,108.61,-44.66,21.42,KCE,Etron,1694.02
2020-10-12,23.51,41.98,65.49,-18.46,29.94,KCE,Etron,1675.56
2020-10-14,228.12,178.17,406.29,49.95,18.86,KCE,Etron,1725.51
2020-10-15,57.18,137.63,194.81,-80.45,18.01,KCE,Etron,1645.06
2020-10-16,73.29,79.64,152.93,-6.35,16.91,KCE,Etron,1638.71
2020-10-19,134.51,164.32,298.82,-29.81,15.62,KCE,Etron,1608.9
2020-10-20,46.07,132.06,178.12,-85.99,16.06,KCE,Etron,1522.91
2020-10-21,161.3,119.03,280.33,42.27,16.38,KCE,Etron,1565.18
2020-10-22,116.48,257.84,374.32,-141.36,20.15,KCE,Etron,1423.8200000000002
2020-10-26,89.39,94.67,184.06,-5.28,13.5,KCE,Etron,1418.5400000000002
2020-10-27,64.93,97.31,162.24,-32.38,20.23,KCE,Etron,1386.16
2020-10-28,70.13,113.17,183.29,-43.04,20.63,KCE,Etron,1343.1200000000001
2020-10-29,280.69,111.38,392.07,169.32,21.94,KCE,Etron,1512.44
2020-10-30,157.64,66.92,224.57,90.72,20.34,KCE,Etron,1603.16
2020-11-02,188.05,64.19,252.23,123.86,18.62,KCE,Etron,1727.02
2020-11-03,101.74,126.58,228.32,-24.84,30.96,KCE,Etron,1702.18
2020-11-04,166.52,249.78,416.3,-83.26,25.02,KCE,Etron,1618.92
2020-11-05,101.3,244.24,345.54,-142.95,19.73,KCE,Etron,1475.97
2020-11-06,125.77,157.85,283.62,-32.09,15.81,KCE,Etron,1443.88
2020-11-09,204.65,95.92,300.58,108.73,17.92,KCE,Etron,1552.6100000000001
2020-11-10,331.7,147.29,479.0,184.41,20.87,KCE,Etron,1737.0200000000002
2020-11-11,153.47,294.83,448.31,-141.36,19.18,KCE,Etron,1595.6600000000003
2020-11-12,194.97,230.37,425.34,-35.39,19.96,KCE,Etron,1560.2700000000002
2020-11-13,67.45,50.58,118.03,16.88,18.06,KCE,Etron,1577.1500000000003
2020-11-16,51.43,82.49,133.92,-31.07,20.74,KCE,Etron,1546.0800000000004
2020-11-17,64.5,101.6,166.09,-37.1,18.07,KCE,Etron,1508.9800000000005
2020-11-18,80.28,76.52,156.79,3.76,19.83,KCE,Etron,1512.7400000000005
2020-11-19,47.89,85.01,132.9,-37.12,18.04,KCE,Etron,1475.6200000000006
2020-11-20,52.23,101.02,153.26,-48.79,23.45,KCE,Etron,1426.8300000000006
2020-11-23,53.56,95.28,148.84,-41.73,17.67,KCE,Etron,1385.1000000000006
2020-11-24,133.8,89.41,223.21,44.39,18.41,KCE,Etron,1429.4900000000007
2020-11-25,120.5,63.69,184.2,56.81,22.83,KCE,Etron,1486.3000000000006
2020-11-26,207.15,55.51,262.67,151.64,19.96,KCE,Etron,1637.9400000000005
2020-11-27,185.69,187.34,373.03,-1.65,19.57,KCE,Etron,1636.2900000000004
2020-11-30,142.39,110.72,253.11,31.67,22.58,KCE,Etron,1667.9600000000005
2020-12-01,58.37,130.81,189.18,-72.44,20.29,KCE,Etron,1595.5200000000004
2020-12-02,56.5,66.2,122.7,-9.7,18.78,KCE,Etron,1585.8200000000004
2020-12-03,33.14,24.43,57.57,8.71,16.29,KCE,Etron,1594.5300000000004
2020-12-04,107.13,57.18,164.32,49.95,18.59,KCE,Etron,1644.4800000000005
2020-12-08,502.43,355.05,857.47,147.38,15.38,KCE,Etron,1791.8600000000006
2020-12-09,202.23,335.2,537.43,-132.96,15.22,KCE,Etron,1658.9000000000005
2020-12-14,134.1,222.53,356.63,-88.43,20.91,KCE,Etron,1570.4700000000005
2020-12-15,59.25,168.93,228.19,-109.68,22.25,KCE,Etron,1460.7900000000004
2020-12-16,101.05,79.17,180.21,21.88,10.19,KCE,Etron,1482.6700000000005
2020-12-17,84.15,84.08,168.23,0.08,12.03,KCE,Etron,1482.7500000000005
2020-12-18,91.23,145.14,236.37,-53.91,13.47,KCE,Etron,1428.8400000000004
2020-12-21,129.96,69.92,199.88,60.04,19.34,KCE,Etron,1488.8800000000003
2020-12-22,61.13,64.54,125.67,-3.41,19.22,KCE,Etron,1485.4700000000003
2020-12-23,91.61,81.81,173.42,9.8,18.33,KCE,Etron,1495.2700000000002
2020-12-24,117.06,75.9,192.96,41.16,14.1,KCE,Etron,1536.4300000000003
2020-12-25,100.88,137.69,238.57,-36.81,14.49,KCE,Etron,1499.6200000000003
2020-12-28,72.94,114.11,187.05,-41.17,17.6,KCE,Etron,1458.4500000000003
2020-12-29,73.95,105.88,179.83,-31.93,24.98,KCE,Etron,1426.5200000000002
2020-12-30,123.57,93.58,217.15,29.99,20.07,KCE,Etron,1456.5100000000002
2021-01-04,99.18,81.38,180.56,17.8,16.5,KCE,Etron,1474.3100000000002
2021-01-05,305.96,313.92,619.87,-7.96,12.8,KCE,Etron,1466.3500000000001
2021-01-06,1689.11,1481.54,3170.65,207.57,16.23,KCE,Etron,1673.92
2021-01-07,625.82,511.14,1136.96,114.68,21.13,KCE,Etron,1788.6000000000001
2021-01-08,1133.26,652.1,1785.37,481.16,23.28,KCE,Etron,2269.76
2021-01-11,191.82,133.09,324.91,58.73,17.66,KCE,Etron,2328.4900000000002
2021-01-12,124.62,77.7,202.32,46.92,20.43,KCE,Etron,2375.4100000000003
2021-01-13,268.99,132.33,401.33,136.66,27.97,KCE,Etron,2512.07
2021-01-14,145.9,94.83,240.73,51.07,23.81,KCE,Etron,2563.1400000000003
2021-01-15,222.08,162.76,384.84,59.32,23.77,KCE,Etron,2622.4600000000005
2021-01-18,87.11,115.11,202.23,-28.0,27.14,KCE,Etron,2594.4600000000005
2021-01-19,76.57,115.94,192.51,-39.36,31.72,KCE,Etron,2555.1000000000004
2021-01-20,47.76,120.22,167.98,-72.47,34.6,KCE,Etron,2482.6300000000006
2021-01-21,103.42,138.18,241.6,-34.76,28.27,KCE,Etron,2447.8700000000003
2021-01-22,304.04,321.62,625.66,-17.58,21.54,KCE,Etron,2430.2900000000004
2021-01-25,220.06,248.7,468.76,-28.65,19.08,KCE,Etron,2401.6400000000003
2021-01-26,203.65,144.21,347.87,59.44,25.88,KCE,Etron,2461.0800000000004
2021-01-27,70.87,124.91,195.78,-54.03,24.82,KCE,Etron,2407.05
2021-01-28,199.71,133.46,333.16,66.25,23.55,KCE,Etron,2473.3
2021-01-29,147.6,149.06,296.65,-1.46,26.97,KCE,Etron,2471.84
2021-02-01,73.16,146.14,219.3,-72.97,34.18,KCE,Etron,2398.8700000000003
2021-02-02,171.98,148.88,320.86,23.09,28.45,KCE,Etron,2421.9600000000005
2021-02-03,100.46,163.27,263.73,-62.81,35.57,KCE,Etron,2359.1500000000005
2021-02-04,154.64,207.29,361.93,-52.65,25.13,KCE,Etron,2306.5000000000005
2021-02-05,169.22,158.74,327.96,10.47,18.61,KCE,Etron,2316.9700000000003
2021-02-08,65.88,198.44,264.32,-132.56,26.14,KCE,Etron,2184.4100000000003
2021-02-09,52.17,73.34,125.51,-21.17,16.35,KCE,Etron,2163.2400000000002
2021-02-10,68.31,114.78,183.09,-46.47,15.85,KCE,Etron,2116.7700000000004
2021-02-11,129.51,47.02,176.53,82.49,24.41,KCE,Etron,2199.26
2021-02-15,52.06,104.18,156.24,-52.11,17.44,KCE,Etron,2147.15
2021-02-16,207.9,129.95,337.85,77.95,20.49,KCE,Etron,2225.1
2021-02-17,164.34,234.14,398.48,-69.8,20.48,KCE,Etron,2155.2999999999997
2021-02-18,142.69,71.08,213.78,71.61,22.86,KCE,Etron,2226.91
2021-02-19,74.34,87.1,161.45,-12.76,16.06,KCE,Etron,2214.1499999999996
2021-02-22,149.72,148.11,297.83,1.61,23.34,KCE,Etron,2215.7599999999998
2021-02-23,126.95,171.87,298.82,-44.93,23.11,KCE,Etron,2170.83
2021-02-24,207.48,205.47,412.95,2.01,19.5,KCE,Etron,2172.84
2021-02-25,182.23,174.26,356.5,7.97,27.01,KCE,Etron,2180.81
2021-03-01,103.37,102.76,206.13,0.6,18.76,KCE,Etron,2181.41
2021-03-02,269.23,326.52,595.75,-57.29,21.6,KCE,Etron,2124.12
2021-03-03,146.96,105.59,252.54,41.37,17.18,KCE,Etron,2165.49
2021-03-04,63.55,168.09,231.64,-104.54,20.63,KCE,Etron,2060.95
2021-03-05,74.69,129.68,204.36,-54.99,15.62,KCE,Etron,2005.9599999999998
2021-03-08,100.76,218.92,319.68,-118.15,14.01,KCE,Etron,1887.8099999999997
2021-03-09,63.87,70.69,134.56,-6.82,8.42,KCE,Etron,1880.9899999999998
2021-03-10,225.53,105.08,330.61,120.46,12.17,KCE,Etron,2001.4499999999998
2021-03-11,195.45,93.24,288.69,102.21,31.8,KCE,Etron,2103.66
2021-03-12,90.34,113.11,203.45,-22.77,18.71,KCE,Etron,2080.89
2021-03-15,80.56,151.87,232.43,-71.3,24.51,KCE,Etron,2009.59
2021-03-16,157.73,102.57,260.3,55.16,22.01,KCE,Etron,2064.75
2021-03-17,157.65,174.56,332.22,-16.91,12.83,KCE,Etron,2047.84
2021-03-18,62.18,154.63,216.81,-92.45,15.62,KCE,Etron,1955.3899999999999
2021-03-19,35.8,173.04,208.84,-137.23,22.63,KCE,Etron,1818.1599999999999
2021-03-22,61.38,73.76,135.14,-12.38,23.78,KCE,Etron,1805.7799999999997
2021-03-23,45.86,111.69,157.54,-65.83,23.24,KCE,Etron,1739.9499999999998
2021-03-24,55.73,175.86,231.59,-120.13,27.9,KCE,Etron,1619.8199999999997
2021-03-25,157.2,134.08,291.28,23.12,14.62,KCE,Etron,1642.9399999999996
2021-03-26,126.31,228.69,355.0,-102.38,20.65,KCE,Etron,1540.5599999999995
2021-03-29,190.69,139.54,330.23,51.16,17.9,KCE,Etron,1591.7199999999996
2021-03-30,74.23,150.59,224.83,-76.36,14.13,KCE,Etron,1515.3599999999997
2021-03-31,63.78,85.37,149.15,-21.59,18.46,KCE,Etron,1493.7699999999998
2021-04-01,64.07,48.89,112.97,15.18,16.66,KCE,Etron,1508.9499999999998
2021-04-02,131.89,58.64,190.54,73.25,14.65,KCE,Etron,1582.1999999999998
2021-04-05,148.35,93.68,242.03,54.68,24.44,KCE,Etron,1636.8799999999999
2021-04-07,448.6,153.99,602.59,294.6,21.09,KCE,Etron,1931.48
2021-04-08,316.64,334.09,650.73,-17.45,15.99,KCE,Etron,1914.03
2021-04-09,106.31,255.99,362.3,-149.68,13.84,KCE,Etron,1764.35
2021-04-12,131.03,105.36,236.4,25.67,16.45,KCE,Etron,1790.02
2021-04-16,315.26,284.69,599.95,30.57,13.64,KCE,Etron,1820.59
2021-04-19,143.75,133.75,277.5,10.0,14.04,KCE,Etron,1830.59
2021-04-20,274.99,200.5,475.49,74.49,27.22,KCE,Etron,1905.08
2021-04-21,44.25,140.64,184.88,-96.39,19.68,KCE,Etron,1808.6899999999998
2021-04-22,78.16,166.09,244.25,-87.94,15.82,KCE,Etron,1720.7499999999998
2021-04-23,166.49,121.88,288.37,44.61,19.54,KCE,Etron,1765.3599999999997
2021-04-26,40.82,114.37,155.19,-73.56,18.33,KCE,Etron,1691.7999999999997
2021-04-27,77.1,112.86,189.95,-35.76,21.46,KCE,Etron,1656.0399999999997
2021-04-28,26.56,38.6,65.16,-12.04,17.9,KCE,Etron,1643.9999999999998
2021-04-29,75.98,114.8,190.78,-38.83,25.73,KCE,Etron,1605.1699999999998
2021-04-30,64.67,197.34,262.02,-132.67,15.43,KCE,Etron,1472.4999999999998
2021-05-05,184.67,222.21,406.88,-37.54,24.41,KCE,Etron,1434.9599999999998
2021-05-06,312.74,179.12,491.86,133.62,17.66,KCE,Etron,1568.58
2021-05-07,203.98,131.91,335.9,72.07,18.4,KCE,Etron,1640.6499999999999
2021-05-10,279.28,180.6,459.88,98.68,25.56,KCE,Etron,1739.33
2021-05-11,106.49,132.9,239.4,-26.41,18.18,KCE,Etron,1712.9199999999998
2021-05-12,457.71,611.59,1069.3,-153.88,15.77,KCE,Etron,1559.04
2021-05-13,332.93,515.12,848.05,-182.18,23.96,KCE,Etron,1376.86
2021-05-14,367.58,176.61,544.19,190.97,29.87,KCE,Etron,1567.83
2021-05-17,210.65,146.17,356.82,64.47,34.24,KCE,Etron,1632.3
2021-05-18,477.2,267.23,744.43,209.96,19.35,KCE,Etron,1842.26
2021-05-19,320.79,413.11,733.9,-92.32,18.5,KCE,Etron,1749.94
2021-05-20,492.94,182.24,675.18,310.7,28.21,KCE,Etron,2060.64
2021-05-21,98.48,172.31,270.79,-73.83,6.79,KCE,Etron,1986.81
2021-05-24,993.94,483.6,1477.54,510.33,20.64,KCE,Etron,2497.14
2021-05-25,471.2,312.54,783.74,158.66,20.51,KCE,Etron,2655.7999999999997
2021-05-27,452.24,370.52,822.76,81.72,23.54,KCE,Etron,2737.5199999999995
2021-05-28,269.35,126.03,395.38,143.32,28.21,KCE,Etron,2880.8399999999997
2021-05-31,327.85,333.8,661.65,-5.95,23.99,KCE,Etron,2874.89
2021-06-01,730.04,513.06,1243.09,216.98,23.84,KCE,Etron,3091.87
2021-06-02,479.57,595.44,1075.01,-115.87,33.27,KCE,Etron,2976.0
2021-06-04,300.45,250.74,551.19,49.71,28.26,KCE,Etron,3025.71
2021-06-07,216.11,210.55,426.66,5.56,28.32,KCE,Etron,3031.27
2021-06-08,171.9,244.75,416.64,-72.85,32.9,KCE,Etron,2958.42
2021-06-09,650.72,542.97,1193.69,107.74,28.95,KCE,Etron,3066.16
2021-06-10,198.69,290.17,488.86,-91.48,31.42,KCE,Etron,2974.68
2021-06-11,471.6,479.09,950.69,-7.5,25.67,KCE,Etron,2967.18
2021-06-14,297.83,148.89,446.72,148.94,24.09,KCE,Etron,3116.12
2021-06-15,101.88,77.03,178.9,24.85,17.7,KCE,Etron,3140.97
2021-06-16,83.73,99.13,182.87,-15.4,24.24,KCE,Etron,3125.5699999999997
2021-06-17,263.35,185.0,448.35,78.35,34.95,KCE,Etron,3203.9199999999996
2021-06-18,701.97,430.96,1132.93,271.01,29.67,KCE,Etron,3474.9299999999994
2021-06-21,323.99,262.08,586.07,61.91,23.92,KCE,Etron,3536.8399999999992
2021-06-22,213.48,556.87,770.35,-343.39,33.15,KCE,Etron,3193.4499999999994
2021-06-23,327.96,129.56,457.52,198.4,32.37,KCE,Etron,3391.8499999999995
2021-06-24,212.5,149.54,362.05,62.96,28.49,KCE,Etron,3454.8099999999995
2021-06-25,297.37,289.74,587.11,7.62,25.08,KCE,Etron,3462.4299999999994
2021-06-28,814.49,285.1,1099.59,529.38,38.96,KCE,Etron,3991.8099999999995
2021-06-29,260.92,224.92,485.84,36.01,27.17,KCE,Etron,4027.8199999999997
2021-06-30,1478.48,746.79,2225.27,731.68,31.01,KCE,Etron,4759.5
2021-07-01,263.08,614.49,877.57,-351.41,28.46,KCE,Etron,4408.09
2021-07-02,254.76,466.8,721.56,-212.04,42.77,KCE,Etron,4196.05
2021-07-05,147.35,295.16,442.52,-147.81,34.08,KCE,Etron,4048.2400000000002
2021-07-06,118.37,280.64,399.02,-162.27,30.4,KCE,Etron,3885.9700000000003
2021-07-07,363.86,356.73,720.59,7.12,38.72,KCE,Etron,3893.09
2021-07-08,340.15,267.27,607.42,72.88,33.96,KCE,Etron,3965.9700000000003
2021-07-09,240.13,498.77,738.9,-258.64,30.42,KCE,Etron,3707.3300000000004
2021-07-12,982.47,327.63,1310.09,654.84,31.76,KCE,Etron,4362.17
2021-07-13,243.5,786.72,1030.22,-543.22,31.5,KCE,Etron,3818.95
2021-07-14,203.1,258.7,461.8,-55.6,30.32,KCE,Etron,3763.35
2021-07-15,169.68,320.44,490.12,-150.76,33.82,KCE,Etron,3612.59
2021-07-16,169.63,202.56,372.19,-32.92,30.78,KCE,Etron,3579.67
2021-07-19,569.09,265.88,834.97,303.21,34.83,KCE,Etron,3882.88
2021-07-20,180.26,484.97,665.23,-304.71,40.91,KCE,Etron,3578.17
2021-07-21,400.96,225.49,626.46,175.47,28.4,KCE,Etron,3753.64
2021-07-22,1715.86,736.42,2452.28,979.44,31.48,KCE,Etron,4733.08
2021-07-23,167.15,302.75,469.9,-135.6,30.45,KCE,Etron,4597.48
2021-07-27,245.07,657.64,902.71,-412.57,34.36,KCE,Etron,4184.91
2021-07-29,333.17,689.18,1022.34,-356.01,34.44,KCE,Etron,3828.8999999999996
2021-07-30,185.95,228.36,414.31,-42.41,33.75,KCE,Etron,3786.49
2021-08-02,199.26,332.19,531.45,-132.92,32.93,KCE,Etron,3653.5699999999997
2021-08-03,76.38,124.07,200.45,-47.69,26.52,KCE,Etron,3605.8799999999997
2021-08-04,89.07,149.19,238.26,-60.12,27.89,KCE,Etron,3545.7599999999998
2021-08-05,862.77,455.64,1318.41,407.14,33.3,KCE,Etron,3952.8999999999996
2021-08-06,168.32,361.8,530.11,-193.48,35.54,KCE,Etron,3759.4199999999996
2021-08-09,214.03,404.84,618.87,-190.81,29.05,KCE,Etron,3568.6099999999997
2021-08-10,184.95,335.1,520.05,-150.16,31.68,KCE,Etron,3418.45
2021-08-11,1118.32,456.24,1574.57,662.08,27.79,KCE,Etron,4080.5299999999997
2021-08-13,370.22,662.97,1033.18,-292.75,35.71,KCE,Etron,3787.7799999999997
2021-08-16,471.29,304.81,776.09,166.48,33.8,KCE,Etron,3954.2599999999998
2021-08-17,1389.66,541.61,1931.27,848.05,30.89,KCE,Etron,4802.3099999999995
2021-08-18,756.26,699.16,1455.42,57.09,32.53,KCE,Etron,4859.4
2021-08-19,776.59,441.85,1218.44,334.73,32.09,KCE,Etron,5194.129999999999
2021-08-20,241.5,315.63,557.13,-74.14,36.33,KCE,Etron,5119.989999999999
2021-08-23,291.94,666.91,958.85,-374.96,29.26,KCE,Etron,4745.029999999999
2021-08-24,589.12,896.28,1485.4,-307.16,29.02,KCE,Etron,4437.869999999999
2021-08-25,526.4,544.83,1071.24,-18.43,30.15,KCE,Etron,4419.439999999999
2021-08-26,446.26,606.11,1052.38,-159.85,31.72,KCE,Etron,4259.589999999998
2021-08-27,420.95,624.35,1045.3,-203.4,27.78,KCE,Etron,4056.1899999999982
2021-08-30,340.88,486.16,827.04,-145.28,26.06,KCE,Etron,3910.909999999998
2021-08-31,739.27,756.19,1495.46,-16.92,26.66,KCE,Etron,3893.989999999998
2021-09-01,600.39,748.55,1348.94,-148.16,30.36,KCE,Etron,3745.829999999998
2021-09-02,378.44,526.63,905.07,-148.2,22.68,KCE,Etron,3597.6299999999983
2021-09-03,208.78,336.68,545.45,-127.9,33.6,KCE,Etron,3469.729999999998
2021-09-06,230.12,221.95,452.08,8.17,26.04,KCE,Etron,3477.8999999999983
2021-09-07,195.36,241.59,436.95,-46.23,33.69,KCE,Etron,3431.6699999999983
2021-09-08,626.47,434.54,1061.01,191.92,31.96,KCE,Etron,3623.5899999999983
2021-09-09,162.78,400.69,563.47,-237.91,30.94,KCE,Etron,3385.6799999999985
2021-09-10,617.56,358.86,976.42,258.71,29.11,KCE,Etron,3644.3899999999985
2021-09-13,187.23,405.23,592.45,-218.0,27.56,KCE,Etron,3426.3899999999985
2021-09-14,347.64,436.33,783.97,-88.69,39.76,KCE,Etron,3337.6999999999985
2021-09-15,305.76,293.45,599.21,12.31,30.07,KCE,Etron,3350.0099999999984
2021-09-16,243.82,458.97,702.79,-215.15,24.56,KCE,Etron,3134.8599999999983
2021-09-17,2678.45,1346.24,4024.69,1332.21,33.68,KCE,Etron,4467.069999999998
2021-09-20,968.88,718.29,1687.18,250.59,30.61,KCE,Etron,4717.659999999998
2021-09-21,550.03,1027.29,1577.32,-477.26,39.09,KCE,Etron,4240.399999999998
2021-09-22,448.38,492.29,940.66,-43.91,32.7,KCE,Etron,4196.489999999998
2021-09-23,571.77,439.81,1011.59,131.96,33.83,KCE,Etron,4328.449999999998
2021-09-27,485.55,1165.99,1651.53,-680.44,37.66,KCE,Etron,3648.009999999998
2021-09-28,270.28,499.8,770.08,-229.52,38.55,KCE,Etron,3418.489999999998
2021-09-29,359.55,610.49,970.05,-250.94,29.95,KCE,Etron,3167.549999999998
2021-09-30,606.14,656.81,1262.95,-50.67,43.22,KCE,Etron,3116.879999999998
2021-10-01,278.22,299.46,577.68,-21.24,34.95,KCE,Etron,3095.639999999998
2021-10-04,134.92,217.49,352.41,-82.57,34.17,KCE,Etron,3013.069999999998
2021-10-05,458.43,315.69,774.12,142.74,31.2,KCE,Etron,3155.8099999999977
2021-10-06,356.31,273.26,629.57,83.05,30.79,KCE,Etron,3238.859999999998
2021-10-07,210.26,334.47,544.73,-124.21,37.74,KCE,Etron,3114.649999999998
2021-10-08,148.9,267.62,416.52,-118.72,25.09,KCE,Etron,2995.929999999998
2021-10-11,129.34,104.27,233.61,25.07,26.45,KCE,Etron,3020.999999999998
2021-10-12,203.11,328.99,532.1,-125.88,26.71,KCE,Etron,2895.119999999998
2021-10-14,262.82,269.16,531.98,-6.34,36.01,KCE,Etron,2888.779999999998
2021-10-15,760.73,349.22,1109.94,411.51,33.24,KCE,Etron,3300.289999999998
2021-10-18,486.56,391.34,877.9,95.23,31.8,KCE,Etron,3395.519999999998
2021-10-19,449.2,276.43,725.62,172.77,31.77,KCE,Etron,3568.289999999998
2021-10-20,695.82,328.74,1024.56,367.07,32.55,KCE,Etron,3935.3599999999983
2021-10-21,424.22,201.2,625.42,223.02,37.83,KCE,Etron,4158.379999999998
2021-10-25,364.55,240.53,605.07,124.02,41.07,KCE,Etron,4282.399999999999
2021-10-26,1281.42,683.19,1964.61,598.23,33.16,KCE,Etron,4880.629999999999
2021-10-27,1462.96,574.86,2037.82,888.1,35.76,KCE,Etron,5768.73
2021-10-28,481.85,257.9,739.75,223.95,33.56,KCE,Etron,5992.679999999999
2021-10-29,416.89,288.83,705.72,128.05,35.03,KCE,Etron,6120.73
2021-11-01,417.05,277.01,694.05,140.04,22.49,KCE,Etron,6260.7699999999995
2021-11-02,735.76,521.98,1257.74,213.78,24.22,KCE,Etron,6474.549999999999
2021-11-03,574.86,319.91,894.77,254.95,33.14,KCE,Etron,6729.499999999999
2021-11-04,296.96,278.95,575.92,18.01,30.27,KCE,Etron,6747.509999999999
2021-11-05,200.76,205.16,405.92,-4.4,31.22,KCE,Etron,6743.11
2021-11-08,250.33,371.07,621.41,-120.74,27.03,KCE,Etron,6622.37
2021-11-09,354.89,352.07,706.97,2.82,34.92,KCE,Etron,6625.19
2021-11-10,1281.74,499.85,1781.59,781.89,30.02,KCE,Etron,7407.08
2021-11-11,515.57,398.66,914.22,116.91,32.2,KCE,Etron,7523.99
2021-11-12,312.43,493.34,805.78,-180.91,28.56,KCE,Etron,7343.08
2021-11-15,587.61,448.6,1036.21,139.01,30.09,KCE,Etron,7482.09
2021-11-16,358.02,410.05,768.07,-52.03,27.51,KCE,Etron,7430.06
2021-11-17,163.33,155.97,319.3,7.36,26.95,KCE,Etron,7437.42
2021-11-18,185.7,174.14,359.83,11.56,28.52,KCE,Etron,7448.9800000000005
2021-11-19,195.37,192.08,387.45,3.29,26.39,KCE,Etron,7452.27
2021-11-22,159.85,128.25,288.1,31.6,35.68,KCE,Etron,7483.870000000001
2021-11-23,121.2,165.53,286.73,-44.33,29.21,KCE,Etron,7439.540000000001
2021-11-24,170.28,217.79,388.06,-47.51,32.27,KCE,Etron,7392.030000000001
2021-11-25,215.61,148.52,364.13,67.09,26.72,KCE,Etron,7459.120000000001
2021-11-26,344.56,275.14,619.7,69.42,35.85,KCE,Etron,7528.540000000001
2021-11-29,227.25,193.34,420.59,33.91,32.88,KCE,Etron,7562.450000000001
2021-11-30,567.81,466.65,1034.46,101.17,31.5,KCE,Etron,7663.620000000001
2021-12-01,454.59,1141.6,1596.19,-687.01,34.61,KCE,Etron,6976.610000000001
2021-12-02,329.53,334.76,664.29,-5.23,35.22,KCE,Etron,6971.380000000001
2021-12-03,282.48,250.26,532.74,32.22,37.87,KCE,Etron,7003.600000000001
2021-12-07,422.75,346.39,769.15,76.36,35.51,KCE,Etron,7079.960000000001
2021-12-08,253.62,145.42,399.04,108.2,28.42,KCE,Etron,7188.160000000001
2021-12-09,356.22,229.53,585.75,126.69,34.94,KCE,Etron,7314.85
2021-12-13,127.56,169.45,297.01,-41.88,38.45,KCE,Etron,7272.97
2021-12-14,138.8,234.88,373.68,-96.07,35.09,KCE,Etron,7176.900000000001
2021-12-15,164.85,324.47,489.33,-159.62,43.64,KCE,Etron,7017.280000000001
2021-12-16,479.65,269.94,749.59,209.71,37.93,KCE,Etron,7226.990000000001
2021-12-17,315.79,542.1,857.88,-226.31,39.71,KCE,Etron,7000.68
2021-12-20,181.87,174.53,356.4,7.34,24.35,KCE,Etron,7008.02
2021-12-21,180.75,254.4,435.15,-73.65,39.77,KCE,Etron,6934.370000000001
2021-12-22,464.49,388.24,852.73,76.25,42.55,KCE,Etron,7010.620000000001
2021-12-23,193.34,150.13,343.47,43.21,34.13,KCE,Etron,7053.830000000001
2021-12-24,97.5,142.41,239.91,-44.91,35.74,KCE,Etron,7008.920000000001
2021-12-27,90.36,65.18,155.54,25.18,38.31,KCE,Etron,7034.100000000001
2021-12-28,225.15,271.83,496.98,-46.69,44.3,KCE,Etron,6987.410000000002
2021-12-29,338.01,401.29,739.3,-63.28,38.77,KCE,Etron,6924.130000000002
2021-12-30,257.3,333.23,590.53,-75.94,33.98,KCE,Etron,6848.190000000002
2022-01-04,486.21,587.65,1073.86,-101.43,45.74,KCE,Etron,6746.760000000002
2022-01-05,204.66,344.89,549.56,-140.23,36.06,KCE,Etron,6606.5300000000025
2022-01-06,785.75,1230.92,2016.67,-445.17,38.39,KCE,Etron,6161.360000000002
2022-01-07,259.64,281.54,541.18,-21.89,31.29,KCE,Etron,6139.470000000002
2022-01-10,375.34,379.64,754.97,-4.3,33.23,KCE,Etron,6135.170000000002
2022-01-11,300.48,279.15,579.63,21.33,39.79,KCE,Etron,6156.500000000002
2022-01-12,257.4,250.63,508.03,6.78,34.44,KCE,Etron,6163.280000000002
2022-01-13,145.29,214.44,359.73,-69.16,32.33,KCE,Etron,6094.120000000002
2022-01-14,752.6,404.58,1157.18,348.02,38.74,KCE,Etron,6442.140000000001
2022-01-17,319.74,160.84,480.57,158.9,36.96,KCE,Etron,6601.040000000001
2022-01-18,638.54,559.06,1197.6,79.49,40.51,KCE,Etron,6680.530000000001
2022-01-19,802.02,754.76,1556.77,47.26,37.4,KCE,Etron,6727.790000000001
2022-01-20,401.57,438.88,840.45,-37.32,34.32,KCE,Etron,6690.470000000001
2022-01-21,268.99,286.97,555.96,-17.97,30.79,KCE,Etron,6672.500000000001
2022-01-24,323.69,212.74,536.43,110.94,30.45,KCE,Etron,6783.4400000000005
2022-01-25,246.44,573.47,819.91,-327.03,34.72,KCE,Etron,6456.410000000001
2022-01-26,335.41,692.48,1027.89,-357.07,27.32,KCE,Etron,6099.340000000001
2022-01-27,419.83,387.75,807.57,32.08,31.79,KCE,Etron,6131.420000000001
2022-01-28,760.58,440.13,1200.71,320.45,28.57,KCE,Etron,6451.870000000001
2022-01-31,264.86,273.27,538.13,-8.41,32.72,KCE,Etron,6443.460000000001
2022-02-01,476.8,510.35,987.15,-33.56,32.58,KCE,Etron,6409.900000000001
2022-02-02,142.87,399.89,542.76,-257.02,25.98,KCE,Etron,6152.880000000001
2022-02-03,295.45,273.72,569.17,21.73,27.91,KCE,Etron,6174.610000000001
2022-02-04,219.73,182.03,401.76,37.7,27.47,KCE,Etron,6212.31
2022-02-07,151.98,111.27,263.25,40.71,28.6,KCE,Etron,6253.02
2022-02-08,129.37,267.38,396.76,-138.01,33.51,KCE,Etron,6115.01
2022-02-09,1164.54,1046.85,2211.39,117.69,18.04,KCE,Etron,6232.7
2022-02-10,1108.12,795.72,1903.84,312.4,26.51,KCE,Etron,6545.099999999999
2022-02-11,576.45,871.53,1447.98,-295.09,25.56,KCE,Etron,6250.009999999999
2022-02-14,555.65,646.67,1202.32,-91.01,27.4,KCE,Etron,6158.999999999999
2022-02-15,517.25,706.9,1224.15,-189.65,28.82,KCE,Etron,5969.349999999999
2022-02-17,125.06,521.13,646.19,-396.08,23.8,KCE,Etron,5573.2699999999995
2022-02-18,276.07,350.92,626.99,-74.85,23.29,KCE,Etron,5498.419999999999
2022-02-21,173.98,151.7,325.68,22.28,21.75,KCE,Etron,5520.699999999999
2022-02-22,226.9,258.46,485.36,-31.56,33.83,KCE,Etron,5489.1399999999985
2022-02-23,214.09,177.11,391.2,36.98,31.09,KCE,Etron,5526.119999999998
2022-02-24,293.85,268.22,562.07,25.62,27.97,KCE,Etron,5551.739999999998
2022-02-25,271.33,106.77,378.11,164.56,28.77,KCE,Etron,5716.299999999998
2022-02-28,519.53,332.21,851.75,187.32,29.08,KCE,Etron,5903.619999999998
2022-03-01,206.23,108.02,314.25,98.2,35.43,KCE,Etron,6001.819999999998
2022-03-02,502.7,410.01,912.7,92.69,34.97,KCE,Etron,6094.5099999999975
2022-03-03,786.38,454.73,1241.11,331.65,30.83,KCE,Etron,6426.159999999997
2022-03-04,362.86,308.94,671.8,53.92,27.99,KCE,Etron,6480.079999999997
2022-03-07,414.75,268.22,682.97,146.53,32.89,KCE,Etron,6626.609999999997
2022-03-08,522.75,347.73,870.48,175.02,31.48,KCE,Etron,6801.629999999997
2022-03-09,575.86,566.8,1142.66,9.05,38.8,KCE,Etron,6810.679999999998
2022-03-10,301.01,430.19,731.2,-129.18,25.24,KCE,Etron,6681.499999999997
2022-03-11,197.28,220.46,417.74,-23.18,34.64,KCE,Etron,6658.319999999997
2022-03-14,98.63,248.18,346.8,-149.55,35.89,KCE,Etron,6508.769999999997
2022-03-15,68.65,161.6,230.25,-92.96,28.61,KCE,Etron,6415.809999999997
2022-03-16,634.58,803.58,1438.15,-169.0,29.16,KCE,Etron,6246.809999999997
2022-03-17,366.77,946.6,1313.37,-579.82,22.53,KCE,Etron,5666.989999999997
2022-03-18,196.33,246.0,442.33,-49.68,23.48,KCE,Etron,5617.309999999997
2022-03-21,87.62,189.6,277.22,-101.97,25.02,KCE,Etron,5515.3399999999965
2022-03-22,120.38,175.92,296.3,-55.54,21.31,KCE,Etron,5459.7999999999965
2022-03-23,407.16,558.92,966.07,-151.76,26.71,KCE,Etron,5308.039999999996
2022-03-24,152.41,277.69,430.1,-125.28,24.58,KCE,Etron,5182.759999999997
2022-03-25,271.31,424.19,695.5,-152.87,30.21,KCE,Etron,5029.889999999997
2022-03-28,87.99,193.51,281.49,-105.52,26.76,KCE,Etron,4924.369999999996
2022-03-29,139.36,167.95,307.31,-28.59,29.17,KCE,Etron,4895.779999999996
2022-03-30,354.07,242.98,597.05,111.09,30.36,KCE,Etron,5006.869999999996
2022-03-31,240.05,292.05,532.1,-52.0,33.32,KCE,Etron,4954.869999999996
2022-04-01,109.82,252.18,362.0,-142.36,26.93,KCE,Etron,4812.509999999997
2022-04-04,62.63,127.85,190.48,-65.21,22.17,KCE,Etron,4747.2999999999965
2022-04-05,225.86,354.39,580.25,-128.54,22.65,KCE,Etron,4618.759999999997
2022-04-07,322.8,575.29,898.1,-252.49,25.04,KCE,Etron,4366.269999999997
2022-04-08,77.86,75.94,153.8,1.92,20.9,KCE,Etron,4368.189999999997
2022-04-11,400.38,281.91,682.29,118.46,24.91,KCE,Etron,4486.649999999997
2022-04-12,256.31,51.04,307.35,205.27,24.02,KCE,Etron,4691.919999999997
2022-04-18,139.1,81.46,220.56,57.64,30.5,KCE,Etron,4749.559999999998
2022-04-19,168.45,107.92,276.38,60.53,23.8,KCE,Etron,4810.089999999997
2022-04-20,253.91,248.77,502.68,5.14,29.07,KCE,Etron,4815.229999999998
2022-04-21,152.37,183.51,335.88,-31.15,28.42,KCE,Etron,4784.079999999998
2022-04-22,76.08,125.61,201.69,-49.53,22.02,KCE,Etron,4734.549999999998
2022-04-25,85.77,78.47,164.24,7.3,24.14,KCE,Etron,4741.8499999999985
2022-04-26,111.41,157.79,269.19,-46.38,28.63,KCE,Etron,4695.469999999998
2022-04-27,128.16,133.77,261.93,-5.61,28.47,KCE,Etron,4689.859999999999
2022-04-28,118.39,67.72,186.12,50.67,21.35,KCE,Etron,4740.529999999999
2022-04-29,96.54,62.32,158.86,34.22,23.89,KCE,Etron,4774.749999999999
2022-05-03,142.17,105.78,247.95,36.39,27.9,KCE,Etron,4811.139999999999
2022-05-05,171.26,185.26,356.52,-14.0,26.81,KCE,Etron,4797.139999999999
2022-05-06,228.35,305.54,533.89,-77.19,33.79,KCE,Etron,4719.95
2022-05-09,161.71,251.49,413.21,-89.78,26.07,KCE,Etron,4630.17
2022-05-10,168.75,166.78,335.53,1.97,30.74,KCE,Etron,4632.14
2022-05-11,381.01,259.29,640.3,121.71,29.93,KCE,Etron,4753.85
2022-05-12,181.23,197.69,378.92,-16.45,27.25,KCE,Etron,4737.400000000001
2022-05-13,86.16,124.19,210.34,-38.03,27.93,KCE,Etron,4699.370000000001
2022-05-17,276.28,208.99,485.27,67.29,28.37,KCE,Etron,4766.660000000001
2022-05-18,205.44,181.42,386.87,24.02,22.51,KCE,Etron,4790.680000000001
2022-05-19,144.74,116.39,261.13,28.35,20.89,KCE,Etron,4819.030000000002
2022-05-20,60.96,76.69,137.66,-15.73,17.52,KCE,Etron,4803.300000000002
2022-05-23,46.44,40.86,87.31,5.58,8.9,KCE,Etron,4808.880000000002
2022-05-24,58.42,82.04,140.46,-23.63,18.86,KCE,Etron,4785.250000000002
2022-05-25,121.63,152.3,273.94,-30.67,24.44,KCE,Etron,4754.580000000002
2022-05-26,80.24,55.85,136.09,24.4,23.97,KCE,Etron,4778.980000000001
2022-05-27,421.24,269.72,690.97,151.52,25.54,KCE,Etron,4930.500000000002
2022-05-30,158.95,235.56,394.51,-76.62,12.7,KCE,Etron,4853.880000000002
2022-05-31,161.88,185.83,347.71,-23.95,31.47,KCE,Etron,4829.930000000002
2022-06-01,107.94,163.01,270.95,-55.07,33.67,KCE,Etron,4774.860000000002
2022-06-02,80.68,92.35,173.02,-11.67,22.96,KCE,Etron,4763.190000000002
2022-06-06,64.96,92.8,157.76,-27.83,13.0,KCE,Etron,4735.360000000002
2022-06-07,78.3,104.18,182.47,-25.88,27.41,KCE,Etron,4709.480000000002
2022-06-08,229.12,185.96,415.09,43.16,37.98,KCE,Etron,4752.640000000002
2022-06-09,46.52,109.82,156.33,-63.3,23.16,KCE,Etron,4689.340000000002
2022-06-10,60.53,66.71,127.24,-6.18,22.27,KCE,Etron,4683.160000000002
2022-06-13,137.7,145.51,283.2,-7.81,24.7,KCE,Etron,4675.350000000001
2022-06-14,84.11,105.92,190.03,-21.81,17.85,KCE,Etron,4653.540000000001
2022-06-15,123.07,105.5,228.57,17.57,33.12,KCE,Etron,4671.110000000001
2022-06-16,188.88,106.33,295.21,82.54,28.54,KCE,Etron,4753.650000000001
2022-06-17,117.93,113.57,231.5,4.37,36.17,KCE,Etron,4758.02
2022-06-20,65.39,41.84,107.23,23.55,12.43,KCE,Etron,4781.570000000001
2022-06-21,72.19,72.34,144.53,-0.16,31.45,KCE,Etron,4781.410000000001
2022-06-22,319.49,289.57,609.06,29.92,29.11,KCE,Etron,4811.330000000001
2022-06-23,85.52,79.37,164.89,6.15,24.18,KCE,Etron,4817.4800000000005
2022-06-24,216.37,122.17,338.54,94.2,31.08,KCE,Etron,4911.68
2022-06-27,257.51,129.69,387.19,127.82,20.94,KCE,Etron,5039.5
2022-06-28,97.7,73.88,171.58,23.82,25.86,KCE,Etron,5063.32
2022-06-29,102.17,105.55,207.71,-3.38,37.47,KCE,Etron,5059.94
2022-06-30,137.6,173.97,311.57,-36.37,30.42,KCE,Etron,5023.57
2022-07-01,153.89,151.27,305.16,2.63,50.75,KCE,Etron,5026.2
2022-07-04,280.37,404.32,684.69,-123.95,23.41,KCE,Etron,4902.25
2022-07-05,212.85,179.67,392.51,33.18,27.82,KCE,Etron,4935.43
2022-07-06,267.31,380.06,647.36,-112.75,29.74,KCE,Etron,4822.68
2022-07-07,196.64,88.42,285.06,108.21,24.37,KCE,Etron,4930.89
2022-07-08,136.92,155.25,292.17,-18.33,31.63,KCE,Etron,4912.56
2022-07-11,85.37,56.14,141.51,29.23,31.68,KCE,Etron,4941.79
2022-07-12,124.39,175.78,300.16,-51.39,28.37,KCE,Etron,4890.4
2022-07-14,90.5,55.6,146.09,34.9,27.4,KCE,Etron,4925.299999999999
2022-07-15,283.67,188.64,472.31,95.02,26.92,KCE,Etron,5020.32
2022-07-18,86.02,40.31,126.34,45.71,25.76,KCE,Etron,5066.03
2022-07-19,144.32,74.79,219.1,69.53,35.73,KCE,Etron,5135.5599999999995
2022-07-20,398.8,286.0,684.8,112.8,33.43,KCE,Etron,5248.36
2022-07-21,163.43,126.73,290.16,36.7,31.09,KCE,Etron,5285.0599999999995
2022-07-22,80.93,101.38,182.31,-20.44,24.95,KCE,Etron,5264.62
2022-07-25,141.47,128.91,270.38,12.57,28.68,KCE,Etron,5277.19
2022-07-26,96.59,87.29,183.88,9.3,41.82,KCE,Etron,5286.49
2022-07-27,446.44,382.18,828.62,64.25,21.28,KCE,Etron,5350.74
2022-08-01,303.87,422.98,726.85,-119.12,21.24,KCE,Etron,5231.62
2022-08-02,167.13,175.33,342.45,-8.2,25.66,KCE,Etron,5223.42
2022-08-03,121.54,104.39,225.93,17.15,26.17,KCE,Etron,5240.57
2022-08-04,231.29,256.06,487.35,-24.77,22.27,KCE,Etron,5215.799999999999
2022-08-05,153.17,64.12,217.29,89.05,27.46,KCE,Etron,5304.849999999999
2022-08-08,290.64,109.04,399.68,181.61,22.59,KCE,Etron,5486.459999999999
2022-08-09,448.0,165.28,613.29,282.72,24.46,KCE,Etron,5769.179999999999
2022-08-10,558.02,758.91,1316.93,-200.89,24.14,KCE,Etron,5568.289999999999
2022-08-11,236.71,354.22,590.94,-117.51,21.36,KCE,Etron,5450.779999999999
2022-08-15,136.64,167.0,303.64,-30.36,25.43,KCE,Etron,5420.419999999999
2022-08-16,109.58,206.87,316.45,-97.29,25.23,KCE,Etron,5323.129999999999
2022-08-17,123.08,161.82,284.9,-38.75,21.22,KCE,Etron,5284.379999999999
2022-08-18,108.96,71.64,180.6,37.31,24.16,KCE,Etron,5321.69
2022-08-19,121.2,182.51,303.71,-61.3,27.22,KCE,Etron,5260.389999999999
2022-08-22,167.35,197.12,364.47,-29.77,26.83,KCE,Etron,5230.619999999999
2022-08-23,166.93,97.93,264.86,69.01,22.43,KCE,Etron,5299.629999999999
2022-08-24,162.41,116.32,278.73,46.08,34.07,KCE,Etron,5345.709999999999
2022-08-25,144.62,103.21,247.83,41.41,28.76,KCE,Etron,5387.119999999999
2022-08-26,188.99,236.14,425.14,-47.15,31.93,KCE,Etron,5339.969999999999
2022-08-29,180.65,147.72,328.37,32.94,25.22,KCE,Etron,5372.909999999999
2022-08-30,153.01,144.45,297.46,8.56,26.55,KCE,Etron,5381.469999999999
2022-08-31,102.94,151.08,254.02,-48.14,22.95,KCE,Etron,5333.329999999999
2022-09-01,289.91,294.39,584.3,-4.48,28.05,KCE,Etron,5328.849999999999
2022-09-02,368.77,198.07,566.84,170.7,26.11,KCE,Etron,5499.549999999999
2022-09-05,207.95,158.68,366.63,49.26,28.24,KCE,Etron,5548.8099999999995
2022-09-06,95.87,140.7,236.57,-44.82,28.28,KCE,Etron,5503.99
2022-09-07,212.09,162.1,374.19,49.98,24.68,KCE,Etron,5553.969999999999
2022-09-08,182.37,203.6,385.97,-21.23,23.92,KCE,Etron,5532.74
2022-09-09,171.63,125.05,296.68,46.57,22.56,KCE,Etron,5579.3099999999995
2022-09-12,255.62,248.5,504.11,7.12,21.7,KCE,Etron,5586.429999999999
2022-09-13,137.25,256.94,394.19,-119.68,22.93,KCE,Etron,5466.749999999999
2022-09-14,134.25,117.11,251.36,17.13,20.75,KCE,Etron,5483.879999999999
2022-09-15,161.94,316.56,478.5,-154.62,28.16,KCE,Etron,5329.259999999999
2022-09-16,170.21,128.17,298.38,42.04,30.48,KCE,Etron,5371.299999999999
2022-09-19,236.99,257.45,494.44,-20.45,25.8,KCE,Etron,5350.849999999999
2022-09-20,103.56,124.86,228.42,-21.31,31.75,KCE,Etron,5329.539999999999
2022-09-21,183.55,130.93,314.48,52.61,24.25,KCE,Etron,5382.149999999999
2022-09-22,206.57,107.5,314.07,99.07,23.96,KCE,Etron,5481.219999999998
2022-09-23,75.84,94.88,170.71,-19.04,27.15,KCE,Etron,5462.1799999999985
2022-09-26,96.81,132.68,229.49,-35.87,25.96,KCE,Etron,5426.309999999999
2022-09-27,269.81,253.3,523.12,16.51,25.94,KCE,Etron,5442.819999999999
2022-09-28,309.49,322.57,632.06,-13.07,30.72,KCE,Etron,5429.749999999999
2022-09-29,328.18,188.15,516.34,140.03,31.91,KCE,Etron,5569.779999999999
2022-09-30,335.59,194.95,530.54,140.63,30.43,KCE,Etron,5710.409999999999
2022-10-03,242.26,165.82,408.08,76.43,32.66,KCE,Etron,5786.839999999999
2022-10-04,277.95,301.29,579.24,-23.34,32.39,KCE,Etron,5763.499999999999
2022-10-05,219.93,169.95,389.88,49.98,30.64,KCE,Etron,5813.479999999999
2022-10-06,155.17,106.97,262.15,48.2,31.2,KCE,Etron,5861.6799999999985
2022-10-07,192.16,182.29,374.45,9.88,35.05,KCE,Etron,5871.559999999999
2022-10-10,99.38,73.18,172.56,26.2,27.59,KCE,Etron,5897.759999999998
2022-10-11,151.88,105.43,257.31,46.45,37.04,KCE,Etron,5944.209999999998
2022-10-12,101.06,106.75,207.81,-5.69,30.91,KCE,Etron,5938.519999999999
2022-10-17,148.08,119.62,267.7,28.47,37.46,KCE,Etron,5966.989999999999
2022-10-18,174.65,172.28,346.94,2.37,33.87,KCE,Etron,5969.359999999999
2022-10-19,57.32,121.14,178.46,-63.82,29.3,KCE,Etron,5905.539999999999
2022-10-20,141.27,149.44,290.71,-8.17,43.41,KCE,Etron,5897.369999999999
2022-10-21,76.77,112.23,189.0,-35.46,34.91,KCE,Etron,5861.909999999999
2022-10-25,121.12,137.56,258.68,-16.44,25.48,KCE,Etron,5845.469999999999
2022-10-26,54.29,48.18,102.47,6.11,23.44,KCE,Etron,5851.579999999999
2022-10-27,108.68,89.47,198.15,19.21,36.34,KCE,Etron,5870.789999999999
2022-10-28,59.21,60.62,119.83,-1.41,23.98,KCE,Etron,5869.379999999999
2022-10-31,46.88,53.58,100.46,-6.7,27.06,KCE,Etron,5862.679999999999
2022-11-01,209.51,139.54,349.05,69.97,26.94,KCE,Etron,5932.65
2022-11-02,111.04,140.39,251.43,-29.35,28.5,KCE,Etron,5903.299999999999
2022-11-03,103.4,197.77,301.18,-94.37,22.89,KCE,Etron,5808.929999999999
2022-11-04,266.35,301.32,567.66,-34.97,29.73,KCE,Etron,5773.959999999999
2022-11-07,226.86,300.25,527.11,-73.38,36.78,KCE,Etron,5700.579999999999
2022-11-08,180.67,161.96,342.62,18.71,30.97,KCE,Etron,5719.289999999999
2022-11-09,295.1,236.8,531.9,58.31,20.65,KCE,Etron,5777.599999999999
2022-11-10,180.12,122.06,302.18,58.06,34.56,KCE,Etron,5835.66
2022-11-11,228.24,212.78,441.02,15.46,27.58,KCE,Etron,5851.12
2022-11-14,129.21,100.86,230.07,28.34,36.55,KCE,Etron,5879.46
2022-11-15,266.07,341.98,608.04,-75.91,24.54,KCE,Etron,5803.55
2022-11-16,191.92,203.15,395.07,-11.22,26.85,KCE,Etron,5792.33
2022-11-17,182.43,204.77,387.2,-22.34,30.14,KCE,Etron,5769.99
2022-11-18,476.47,469.56,946.03,6.91,21.52,KCE,Etron,5776.9
2022-11-21,179.89,388.57,568.46,-208.68,23.03,KCE,Etron,5568.219999999999
2022-11-22,278.26,251.45,529.71,26.81,21.8,KCE,Etron,5595.03
2022-11-23,161.9,184.57,346.47,-22.67,28.27,KCE,Etron,5572.36
2022-11-24,99.06,102.05,201.11,-2.99,23.61,KCE,Etron,5569.37
2022-11-25,154.93,277.52,432.45,-122.59,31.35,KCE,Etron,5446.78
2022-11-28,261.3,173.73,435.03,87.56,30.25,KCE,Etron,5534.34
2022-11-29,211.64,395.05,606.7,-183.41,31.67,KCE,Etron,5350.93
2022-11-30,291.06,183.2,474.26,107.86,29.93,KCE,Etron,5458.79
2022-12-01,610.04,325.26,935.31,284.78,25.49,KCE,Etron,5743.57
2022-12-02,208.23,306.69,514.92,-98.46,26.81,KCE,Etron,5645.11
2022-12-06,143.34,216.53,359.87,-73.18,29.53,KCE,Etron,5571.929999999999
2022-12-07,76.08,162.99,239.06,-86.91,25.48,KCE,Etron,5485.0199999999995
2022-12-08,39.44,58.75,98.19,-19.31,17.54,KCE,Etron,5465.709999999999
2022-12-09,219.91,101.78,321.69,118.13,29.22,KCE,Etron,5583.839999999999
2022-12-13,72.87,79.5,152.38,-6.63,20.12,KCE,Etron,5577.209999999999
2022-12-14,95.65,71.75,167.4,23.91,22.57,KCE,Etron,5601.119999999999
2022-12-15,109.67,209.45,319.11,-99.78,24.44,KCE,Etron,5501.339999999999
2022-12-16,113.78,146.24,260.01,-32.46,22.92,KCE,Etron,5468.879999999999
2022-12-19,123.35,108.81,232.16,14.54,27.55,KCE,Etron,5483.419999999999
2022-12-20,175.07,251.34,426.41,-76.28,26.76,KCE,Etron,5407.139999999999
2022-12-21,197.83,224.1,421.93,-26.26,34.52,KCE,Etron,5380.879999999999
2022-12-22,189.85,106.34,296.19,83.5,30.14,KCE,Etron,5464.379999999999
2022-12-23,135.37,85.03,220.41,50.34,31.03,KCE,Etron,5514.719999999999
2022-12-26,147.47,80.29,227.76,67.18,25.87,KCE,Etron,5581.9
2022-12-27,173.9,79.69,253.59,94.21,24.18,KCE,Etron,5676.11
2022-12-28,128.52,142.13,270.65,-13.6,38.95,KCE,Etron,5662.509999999999
2022-12-29,90.57,107.73,198.31,-17.16,27.76,KCE,Etron,5645.349999999999
2022-12-30,405.26,306.36,711.63,98.9,33.93,KCE,Etron,5744.249999999999
2023-01-03,370.91,376.54,747.45,-5.63,27.42,KCE,Etron,5738.619999999999
2023-01-04,120.55,336.52,457.07,-215.97,28.2,KCE,Etron,5522.649999999999
2023-01-05,108.18,279.69,387.87,-171.51,30.82,KCE,Etron,5351.1399999999985
2023-01-06,824.0,721.88,1545.88,102.12,25.99,KCE,Etron,5453.259999999998
2023-01-09,253.3,228.26,481.56,25.04,15.29,KCE,Etron,5478.299999999998
2023-01-10,378.21,361.28,739.49,16.93,24.41,KCE,Etron,5495.229999999999
2023-01-11,203.04,175.58,378.62,27.46,19.08,KCE,Etron,5522.689999999999
2023-01-12,505.16,469.71,974.88,35.45,16.13,KCE,Etron,5558.1399999999985
2023-01-13,311.94,434.67,746.61,-122.74,17.93,KCE,Etron,5435.399999999999
2023-01-16,113.92,157.39,271.31,-43.47,18.99,KCE,Etron,5391.9299999999985
2023-01-17,100.4,105.12,205.52,-4.72,18.55,KCE,Etron,5387.209999999998
2023-01-18,275.74,357.23,632.97,-81.49,18.84,KCE,Etron,5305.719999999998
2023-01-19,227.06,126.31,353.37,100.75,21.08,KCE,Etron,5406.469999999998
2023-01-20,98.61,137.08,235.68,-38.47,28.89,KCE,Etron,5367.999999999998
2023-01-23,113.42,216.03,329.46,-102.61,18.92,KCE,Etron,5265.3899999999985
2023-01-24,237.7,373.49,611.19,-135.79,19.31,KCE,Etron,5129.5999999999985
2023-01-25,123.01,88.59,211.6,34.41,21.03,KCE,Etron,5164.009999999998
2023-01-26,78.51,183.41,261.92,-104.89,18.49,KCE,Etron,5059.119999999998
2023-01-27,96.1,127.67,223.77,-31.57,16.32,KCE,Etron,5027.549999999998
2023-01-30,85.73,60.01,145.74,25.72,13.93,KCE,Etron,5053.269999999999
2023-01-31,980.41,565.29,1545.71,415.12,13.83,KCE,Etron,5468.3899999999985
2023-02-01,319.55,536.64,856.19,-217.1,20.08,KCE,Etron,5251.289999999998
2023-02-02,223.3,281.8,505.1,-58.5,18.3,KCE,Etron,5192.789999999998
2023-02-03,591.39,457.28,1048.67,134.11,19.28,KCE,Etron,5326.899999999998
2023-02-06,211.99,163.65,375.64,48.35,13.06,KCE,Etron,5375.249999999998
2023-02-07,235.59,156.22,391.81,79.37,19.64,KCE,Etron,5454.619999999998
2023-02-08,588.63,656.41,1245.04,-67.77,12.25,KCE,Etron,5386.849999999998
2023-02-09,451.16,490.1,941.27,-38.94,15.48,KCE,Etron,5347.909999999998
2023-02-10,256.44,347.48,603.92,-91.04,14.53,KCE,Etron,5256.869999999998
2023-02-13,156.23,129.21,285.43,27.02,18.46,KCE,Etron,5283.8899999999985
2023-02-14,161.95,186.43,348.38,-24.48,21.71,KCE,Etron,5259.409999999999
2023-02-15,165.59,154.89,320.48,10.69,21.38,KCE,Etron,5270.0999999999985
2023-02-16,197.78,257.87,455.65,-60.09,23.87,KCE,Etron,5210.009999999998
2023-02-17,201.91,133.78,335.69,68.13,24.13,KCE,Etron,5278.1399999999985
2023-02-20,111.81,80.69,192.49,31.12,18.49,KCE,Etron,5309.259999999998
2023-02-21,110.12,110.0,220.12,0.12,20.87,KCE,Etron,5309.379999999998
2023-02-22,47.24,79.45,126.7,-32.21,25.1,KCE,Etron,5277.169999999998
2023-02-23,68.54,66.03,134.58,2.51,24.0,KCE,Etron,5279.6799999999985
2023-02-24,206.63,197.49,404.12,9.14,20.3,KCE,Etron,5288.819999999999
2023-02-27,95.52,91.81,187.33,3.71,24.27,KCE,Etron,5292.529999999999
2023-02-28,178.21,148.67,326.88,29.53,23.67,KCE,Etron,5322.059999999999
2023-03-01,190.05,106.21,296.27,83.84,20.45,KCE,Etron,5405.899999999999
2023-03-02,167.81,134.56,302.38,33.25,21.32,KCE,Etron,5439.149999999999
2023-03-03,75.99,121.83,197.82,-45.83,24.23,KCE,Etron,5393.319999999999
2023-03-07,102.87,198.76,301.63,-95.89,21.47,KCE,Etron,5297.4299999999985
2023-03-08,76.65,132.84,209.48,-56.19,23.04,KCE,Etron,5241.239999999999
2023-03-09,163.23,94.81,258.04,68.43,26.66,KCE,Etron,5309.669999999999
2023-03-10,48.07,59.69,107.76,-11.62,23.97,KCE,Etron,5298.049999999999
2023-03-13,133.08,76.06,209.14,57.02,28.88,KCE,Etron,5355.07
2023-03-14,190.96,194.71,385.67,-3.74,28.77,KCE,Etron,5351.33
2023-03-15,51.38,45.36,96.74,6.01,16.0,KCE,Etron,5357.34
2023-03-16,52.41,79.78,132.19,-27.36,20.14,KCE,Etron,5329.9800000000005
2023-03-17,116.64,175.9,292.55,-59.26,18.86,KCE,Etron,5270.72
2023-03-20,78.29,68.07,146.36,10.22,23.77,KCE,Etron,5280.9400000000005
2023-03-21,52.95,54.53,107.48,-1.58,21.96,KCE,Etron,5279.360000000001
2023-03-22,49.32,46.68,96.0,2.64,21.04,KCE,Etron,5282.000000000001
2023-03-23,91.58,92.75,184.33,-1.17,22.35,KCE,Etron,5280.830000000001
2023-03-24,172.34,105.8,278.13,66.54,22.63,KCE,Etron,5347.370000000001
2023-03-27,72.66,77.2,149.85,-4.54,18.93,KCE,Etron,5342.830000000001
2023-03-28,34.17,25.57,59.75,8.6,8.79,KCE,Etron,5351.430000000001
2023-03-29,89.11,79.43,168.54,9.69,24.78,KCE,Etron,5361.120000000001
2023-03-30,119.76,131.59,251.35,-11.83,20.64,KCE,Etron,5349.290000000001
2023-03-31,55.2,90.47,145.66,-35.27,22.04,KCE,Etron,5314.02
2023-04-03,65.36,76.98,142.34,-11.62,23.44,KCE,Etron,5302.400000000001
2023-04-04,32.76,20.64,53.39,12.12,25.23,KCE,Etron,5314.52
2023-04-05,129.84,191.83,321.67,-61.99,22.56,KCE,Etron,5252.530000000001
2023-04-07,218.66,56.8,275.45,161.86,31.86,KCE,Etron,5414.39
2023-04-10,164.21,81.58,245.8,82.63,38.51,KCE,Etron,5497.02
2023-04-11,64.77,20.92,85.69,43.85,34.08,KCE,Etron,5540.870000000001
2023-04-12,68.76,39.58,108.33,29.18,32.78,KCE,Etron,5570.050000000001
2023-04-17,50.45,42.0,92.45,8.45,36.14,KCE,Etron,5578.500000000001
2023-04-18,35.96,42.27,78.23,-6.31,21.87,KCE,Etron,5572.1900000000005
2023-04-19,52.9,62.91,115.8,-10.01,24.74,KCE,Etron,5562.18
2023-04-20,78.63,71.96,150.59,6.67,29.31,KCE,Etron,5568.85
2023-04-21,116.8,176.71,293.51,-59.91,27.8,KCE,Etron,5508.9400000000005
2023-04-24,85.06,91.49,176.55,-6.43,24.14,KCE,Etron,5502.51
2023-04-25,96.21,95.71,191.92,0.5,19.99,KCE,Etron,5503.01
2023-04-26,70.68,52.13,122.81,18.55,24.62,KCE,Etron,5521.56
2023-04-27,103.15,97.69,200.84,5.46,24.4,KCE,Etron,5527.02
2023-04-28,112.66,94.82,207.47,17.84,25.05,KCE,Etron,5544.860000000001
2023-05-02,78.56,59.28,137.84,19.28,32.86,KCE,Etron,5564.14
2023-05-03,82.68,57.52,140.2,25.15,30.28,KCE,Etron,5589.29
2023-05-08,66.25,57.43,123.67,8.82,17.94,KCE,Etron,5598.11
2023-05-09,54.49,79.68,134.16,-25.19,26.46,KCE,Etron,5572.92
2023-05-10,110.72,281.53,392.25,-170.81,20.28,KCE,Etron,5402.11
2023-05-11,60.67,139.54,200.21,-78.87,23.15,KCE,Etron,5323.24
2023-05-12,74.03,86.6,160.63,-12.57,19.65,KCE,Etron,5310.67
2023-05-15,46.04,52.05,98.09,-6.0,22.08,KCE,Etron,5304.67
2023-05-16,61.03,65.99,127.02,-4.95,31.97,KCE,Etron,5299.72
2023-05-17,39.41,55.9,95.31,-16.49,22.78,KCE,Etron,5283.2300000000005
2023-05-18,133.23,48.68,181.9,84.55,36.01,KCE,Etron,5367.780000000001
2023-05-19,109.57,26.65,136.22,82.92,27.85,KCE,Etron,5450.700000000001
2023-05-22,144.61,79.98,224.59,64.62,26.95,KCE,Etron,5515.320000000001
2023-05-23,79.59,47.52,127.1,32.07,27.88,KCE,Etron,5547.39
2023-05-24,44.1,13.61,57.7,30.49,18.99,KCE,Etron,5577.88
2023-05-25,163.4,147.07,310.47,16.33,21.82,KCE,Etron,5594.21
2023-05-26,112.93,46.36,159.28,66.57,20.02,KCE,Etron,5660.78
2023-05-29,62.39,27.54,89.93,34.85,22.81,KCE,Etron,5695.63
2023-05-30,106.89,35.66,142.55,71.23,22.06,KCE,Etron,5766.86
2023-05-31,81.16,87.61,168.77,-6.44,29.71,KCE,Etron,5760.42
2023-06-01,73.73,49.69,123.41,24.04,26.74,KCE,Etron,5784.46
2023-06-02,69.52,80.0,149.52,-10.47,21.03,KCE,Etron,5773.99
2023-06-06,43.82,53.87,97.69,-10.04,25.38,KCE,Etron,5763.95
2023-06-07,64.57,28.95,93.52,35.62,27.13,KCE,Etron,5799.57
2023-06-08,42.7,55.83,98.53,-13.13,20.25,KCE,Etron,5786.44
2023-06-09,68.67,28.56,97.23,40.11,25.67,KCE,Etron,5826.549999999999
2023-06-12,29.59,13.44,43.04,16.15,33.9,KCE,Etron,5842.699999999999
2023-06-13,169.59,94.55,264.13,75.04,19.81,KCE,Etron,5917.739999999999
2023-06-14,43.31,100.7,144.01,-57.4,20.97,KCE,Etron,5860.339999999999
2023-06-15,83.04,66.21,149.25,16.82,20.18,KCE,Etron,5877.159999999999
2023-06-16,36.59,54.95,91.54,-18.35,24.1,KCE,Etron,5858.809999999999
2023-06-19,57.12,60.22,117.34,-3.09,15.89,KCE,Etron,5855.719999999998
2023-06-20,25.32,97.54,122.86,-72.22,17.1,KCE,Etron,5783.499999999998
2023-06-21,60.23,100.33,160.56,-40.11,21.77,KCE,Etron,5743.3899999999985
2023-06-22,52.17,64.55,116.72,-12.39,17.47,KCE,Etron,5730.999999999998
2023-06-23,96.96,64.32,161.27,32.64,24.04,KCE,Etron,5763.6399999999985
2023-06-26,73.39,178.61,252.0,-105.23,29.22,KCE,Etron,5658.409999999999
2023-06-27,77.3,57.27,134.57,20.04,19.37,KCE,Etron,5678.449999999999
2023-06-28,33.99,53.6,87.59,-19.6,19.17,KCE,Etron,5658.8499999999985
2023-06-29,123.33,37.65,160.98,85.68,22.2,KCE,Etron,5744.529999999999
2023-06-30,89.16,57.31,146.47,31.84,20.35,KCE,Etron,5776.369999999999
2023-07-03,26.27,63.77,90.04,-37.5,20.58,KCE,Etron,5738.869999999999
2023-07-04,52.67,45.58,98.25,7.09,26.13,KCE,Etron,5745.959999999999
2023-07-05,47.21,97.94,145.15,-50.73,19.71,KCE,Etron,5695.23
2023-07-06,47.1,58.48,105.59,-11.38,30.98,KCE,Etron,5683.849999999999
2023-07-07,73.97,53.62,127.59,20.34,27.62,KCE,Etron,5704.19
2023-07-10,54.36,59.37,113.72,-5.01,30.52,KCE,Etron,5699.179999999999
2023-07-11,63.12,33.49,96.62,29.63,25.0,KCE,Etron,5728.8099999999995
2023-07-12,49.7,71.17,120.87,-21.47,24.04,KCE,Etron,5707.339999999999
2023-07-13,109.04,42.45,151.49,66.59,32.58,KCE,Etron,5773.929999999999
2023-07-14,195.54,91.12,286.67,104.42,24.63,KCE,Etron,5878.349999999999
2023-07-17,34.23,35.01,69.24,-0.78,17.53,KCE,Etron,5877.57
2023-07-18,87.83,80.13,167.96,7.7,17.32,KCE,Etron,5885.2699999999995
2023-07-19,86.86,84.89,171.75,1.97,20.04,KCE,Etron,5887.24
2023-07-20,92.97,130.74,223.72,-37.77,23.12,KCE,Etron,5849.469999999999
2023-07-21,44.17,44.68,88.84,-0.51,18.19,KCE,Etron,5848.959999999999
2023-07-24,19.18,52.7,71.88,-33.52,24.48,KCE,Etron,5815.439999999999
2023-07-25,34.54,25.57,60.11,8.97,27.29,KCE,Etron,5824.409999999999
2023-07-26,31.45,51.48,82.92,-20.03,25.43,KCE,Etron,5804.379999999999
2023-07-27,106.29,120.46,226.74,-14.17,23.33,KCE,Etron,5790.209999999999
2023-07-31,370.1,374.25,744.34,-4.15,23.11,KCE,Etron,5786.0599999999995
2023-08-02,163.16,276.98,440.14,-113.82,23.83,KCE,Etron,5672.24
2023-08-03,146.37,126.75,273.13,19.62,20.04,KCE,Etron,5691.86
2023-08-04,144.31,141.83,286.14,2.48,21.62,KCE,Etron,5694.339999999999
2023-08-07,126.23,127.76,253.99,-1.53,23.59,KCE,Etron,5692.8099999999995
2023-08-08,84.85,101.61,186.46,-16.76,18.76,KCE,Etron,5676.049999999999
2023-08-09,566.75,336.7,903.45,230.05,16.99,KCE,Etron,5906.099999999999
2023-08-10,156.23,189.81,346.03,-33.58,20.74,KCE,Etron,5872.5199999999995
2023-08-11,156.4,195.54,351.94,-39.14,24.01,KCE,Etron,5833.379999999999
2023-08-15,75.63,66.43,142.06,9.2,24.47,KCE,Etron,5842.579999999999
2023-08-16,345.26,250.66,595.92,94.59,21.8,KCE,Etron,5937.169999999999
2023-08-17,126.58,145.7,272.28,-19.13,25.02,KCE,Etron,5918.039999999999
2023-08-18,137.8,106.99,244.78,30.81,24.58,KCE,Etron,5948.849999999999
2023-08-21,68.85,43.66,112.51,25.18,24.57,KCE,Etron,5974.03
2023-08-22,123.67,151.28,274.95,-27.62,22.87,KCE,Etron,5946.41
2023-08-23,69.67,139.6,209.27,-69.94,21.77,KCE,Etron,5876.47
2023-08-24,236.76,281.28,518.05,-44.52,12.16,KCE,Etron,5831.95
2023-08-25,132.66,248.97,381.63,-116.31,18.53,KCE,Etron,5715.639999999999
2023-08-28,182.95,271.16,454.11,-88.21,23.61,KCE,Etron,5627.429999999999
2023-08-29,114.64,86.75,201.39,27.9,18.25,KCE,Etron,5655.329999999999
2023-08-30,141.97,172.21,314.18,-30.24,17.33,KCE,Etron,5625.089999999999
2023-08-31,98.44,151.12,249.56,-52.68,20.87,KCE,Etron,5572.409999999999
2023-09-01,91.07,92.22,183.29,-1.14,13.73,KCE,Etron,5571.269999999999
2023-09-04,104.8,96.79,201.59,8.01,22.23,KCE,Etron,5579.279999999999
2023-09-05,71.76,34.87,106.63,36.88,20.54,KCE,Etron,5616.159999999999
2023-09-06,142.85,72.32,215.17,70.53,21.87,KCE,Etron,5686.689999999999
2023-09-07,78.47,26.9,105.37,51.57,23.22,KCE,Etron,5738.259999999998
2023-09-08,39.92,34.02,73.94,5.9,22.24,KCE,Etron,5744.159999999998
2023-09-11,66.67,72.05,138.73,-5.38,22.52,KCE,Etron,5738.779999999998
2023-09-12,105.97,61.38,167.35,44.59,12.75,KCE,Etron,5783.369999999998
2023-09-13,64.56,143.37,207.94,-78.81,18.61,KCE,Etron,5704.559999999998
2023-09-14,74.04,68.47,142.51,5.57,16.6,KCE,Etron,5710.129999999997
2023-09-15,44.27,52.69,96.96,-8.42,20.69,KCE,Etron,5701.709999999997
2023-09-18,136.93,88.21,225.14,48.73,23.86,KCE,Etron,5750.439999999997
2023-09-19,144.1,87.26,231.37,56.84,19.49,KCE,Etron,5807.279999999997
2023-09-20,74.47,61.76,136.24,12.71,16.03,KCE,Etron,5819.989999999997
2023-09-21,88.69,44.95,133.64,43.74,19.49,KCE,Etron,5863.729999999997
2023-09-22,122.82,84.86,207.68,37.96,19.38,KCE,Etron,5901.689999999997
2023-09-25,81.06,102.38,183.44,-21.32,15.81,KCE,Etron,5880.369999999997
2023-09-26,93.53,97.94,191.46,-4.41,17.61,KCE,Etron,5875.959999999997
2023-09-27,106.82,71.51,178.33,35.31,22.63,KCE,Etron,5911.269999999998
2023-09-28,295.81,120.39,416.2,175.42,14.37,KCE,Etron,6086.689999999998
2023-09-29,81.3,212.17,293.47,-130.87,18.18,KCE,Etron,5955.819999999998
2023-10-02,91.47,72.98,164.45,18.5,16.95,KCE,Etron,5974.319999999998
2023-10-03,117.71,143.03,260.74,-25.31,16.34,KCE,Etron,5949.0099999999975
2023-10-04,129.57,117.29,246.85,12.28,18.76,KCE,Etron,5961.289999999997
2023-10-05,81.88,79.95,161.83,1.93,16.49,KCE,Etron,5963.2199999999975
2023-10-06,71.58,105.03,176.6,-33.45,18.61,KCE,Etron,5929.769999999998
2023-10-09,254.2,122.43,376.63,131.77,25.91,KCE,Etron,6061.539999999998
2023-10-10,273.46,104.34,377.8,169.11,19.87,KCE,Etron,6230.649999999998
2023-10-11,180.27,135.47,315.75,44.8,17.15,KCE,Etron,6275.449999999998
2023-10-12,155.79,157.41,313.2,-1.63,21.75,KCE,Etron,6273.819999999998
2023-10-16,219.93,214.73,434.66,5.2,24.26,KCE,Etron,6279.019999999998
2023-10-17,150.57,161.74,312.31,-11.17,18.93,KCE,Etron,6267.849999999998
2023-10-18,140.1,193.55,333.65,-53.45,33.5,KCE,Etron,6214.399999999998
2023-10-19,90.39,76.75,167.15,13.64,25.71,KCE,Etron,6228.039999999998
2023-10-20,179.77,165.53,345.29,14.24,19.6,KCE,Etron,6242.279999999998
2023-10-24,196.99,94.94,291.94,102.05,26.06,KCE,Etron,6344.329999999998
2023-10-25,160.33,114.78,275.11,45.54,30.68,KCE,Etron,6389.869999999998
2023-10-26,177.8,178.56,356.36,-0.75,25.61,KCE,Etron,6389.119999999998
2023-10-27,162.41,83.22,245.63,79.19,24.61,KCE,Etron,6468.309999999998
2023-10-30,90.64,84.0,174.64,6.64,23.56,KCE,Etron,6474.949999999998
2023-10-31,63.85,147.67,211.52,-83.81,23.69,KCE,Etron,6391.139999999998
2023-11-01,122.13,65.67,187.79,56.46,32.76,KCE,Etron,6447.599999999998
2023-11-02,188.2,83.97,272.17,104.23,20.64,KCE,Etron,6551.829999999997
2023-11-03,39.0,142.7,181.69,-103.7,16.86,KCE,Etron,6448.129999999997
2023-11-06,119.9,57.91,177.8,61.99,12.37,KCE,Etron,6510.119999999997
2023-11-07,90.94,133.64,224.57,-42.7,17.64,KCE,Etron,6467.419999999997
2023-11-08,167.79,145.35,313.14,22.45,15.57,KCE,Etron,6489.869999999997
2023-11-09,89.35,93.83,183.18,-4.48,13.24,KCE,Etron,6485.389999999998
2023-11-10,74.1,80.16,154.26,-6.06,17.18,KCE,Etron,6479.329999999997
2023-11-13,166.12,85.23,251.35,80.89,30.28,KCE,Etron,6560.2199999999975
2023-11-14,146.18,221.68,367.86,-75.5,20.51,KCE,Etron,6484.7199999999975
2023-11-15,185.56,109.86,295.42,75.7,17.98,KCE,Etron,6560.419999999997
2023-11-16,69.15,78.09,147.25,-8.94,24.7,KCE,Etron,6551.479999999998
2023-11-17,138.09,105.31,243.4,32.78,22.03,KCE,Etron,6584.2599999999975
2023-11-20,77.89,43.54,121.43,34.35,21.43,KCE,Etron,6618.609999999998
2023-11-21,70.6,64.98,135.57,5.62,17.64,KCE,Etron,6624.229999999998
2023-11-22,60.59,46.82,107.41,13.77,20.88,KCE,Etron,6637.999999999998
2023-11-23,28.23,49.89,78.12,-21.66,24.0,KCE,Etron,6616.339999999998
2023-11-24,40.86,43.97,84.83,-3.11,27.39,KCE,Etron,6613.229999999999
2023-11-27,60.01,53.74,113.75,6.27,25.61,KCE,Etron,6619.499999999999
2023-11-28,73.26,50.93,124.19,22.33,37.04,KCE,Etron,6641.829999999999
2023-11-29,55.1,62.48,117.58,-7.38,20.3,KCE,Etron,6634.449999999999
2023-11-30,39.85,42.46,82.32,-2.61,23.69,KCE,Etron,6631.839999999999
2023-12-01,181.87,56.12,237.99,125.75,16.58,KCE,Etron,6757.589999999999
2023-12-04,42.51,67.64,110.14,-25.13,21.33,KCE,Etron,6732.459999999999
2023-12-06,94.68,29.36,124.04,65.32,25.69,KCE,Etron,6797.779999999999
2023-12-07,58.29,41.98,100.26,16.31,21.18,KCE,Etron,6814.089999999999
2023-12-08,106.56,74.35,180.91,32.21,25.98,KCE,Etron,6846.299999999999
2023-12-12,42.35,56.48,98.83,-14.13,27.41,KCE,Etron,6832.169999999999
2023-12-13,36.04,38.01,74.04,-1.97,23.66,KCE,Etron,6830.199999999999
2023-12-14,181.36,55.51,236.87,125.84,23.57,KCE,Etron,6956.039999999999
2023-12-15,32.8,98.57,131.36,-65.77,24.64,KCE,Etron,6890.269999999999
2023-12-18,55.07,34.43,89.5,20.64,17.74,KCE,Etron,6910.909999999999
2023-12-19,116.69,74.06,190.76,42.63,18.67,KCE,Etron,6953.539999999999
2023-12-20,108.99,85.07,194.06,23.92,21.21,KCE,Etron,6977.459999999999
2023-12-21,196.08,87.09,283.17,108.99,18.94,KCE,Etron,7086.449999999999
2023-12-22,63.81,62.92,126.73,0.89,23.32,KCE,Etron,7087.339999999999
2023-12-25,40.88,62.44,103.32,-21.55,24.68,KCE,Etron,7065.789999999999
2023-12-26,53.51,68.38,121.9,-14.87,20.83,KCE,Etron,7050.919999999999
2023-12-27,85.9,106.57,192.47,-20.66,19.7,KCE,Etron,7030.259999999999
2023-12-28,64.6,333.69,398.29,-269.09,25.02,KCE,Etron,6761.169999999999
2024-01-02,192.17,52.64,244.8,139.53,28.33,KCE,Etron,6900.699999999999
2024-01-03,142.8,184.9,327.7,-42.1,30.52,KCE,Etron,6858.5999999999985
2024-01-04,110.55,131.33,241.88,-20.78,19.8,KCE,Etron,6837.819999999999
2024-01-05,228.42,91.36,319.77,137.06,23.49,KCE,Etron,6974.879999999999
2024-01-08,87.38,73.92,161.3,13.46,32.35,KCE,Etron,6988.339999999999
2024-01-09,126.35,73.22,199.57,53.13,21.58,KCE,Etron,7041.469999999999
2024-01-10,86.87,56.27,143.15,30.6,23.15,KCE,Etron,7072.07
2024-01-11,56.79,64.47,121.26,-7.68,27.56,KCE,Etron,7064.389999999999
2024-01-12,84.48,24.25,108.73,60.24,20.11,KCE,Etron,7124.629999999999
2024-01-15,45.54,85.28,130.82,-39.75,28.64,KCE,Etron,7084.879999999999
2024-01-16,119.79,68.54,188.34,51.25,21.39,KCE,Etron,7136.129999999999
2024-01-17,115.58,75.43,191.01,40.15,25.71,KCE,Etron,7176.279999999999
2024-01-18,197.81,128.52,326.33,69.29,22.29,KCE,Etron,7245.569999999999
2024-01-19,150.87,81.53,232.4,69.34,19.05,KCE,Etron,7314.909999999999
2024-01-22,78.79,70.77,149.56,8.02,35.0,KCE,Etron,7322.929999999999
2024-01-23,190.05,104.86,294.9,85.19,30.66,KCE,Etron,7408.119999999999
2024-01-24,106.98,113.96,220.94,-6.99,31.31,KCE,Etron,7401.129999999999
2024-01-25,33.52,79.42,112.94,-45.91,28.49,KCE,Etron,7355.219999999999
2024-01-26,135.44,81.93,217.38,53.51,30.43,KCE,Etron,7408.73
2024-01-29,112.5,114.12,226.62,-1.62,30.73,KCE,Etron,7407.11
2024-01-30,66.23,86.69,152.92,-20.46,29.25,KCE,Etron,7386.65
2024-01-31,163.07,93.5,256.56,69.57,25.04,KCE,Etron,7456.219999999999
2024-02-01,82.58,42.63,125.21,39.95,27.34,KCE,Etron,7496.169999999999
2024-02-02,72.23,125.27,197.49,-53.04,23.06,KCE,Etron,7443.129999999999
2024-02-05,93.74,111.77,205.5,-18.03,18.93,KCE,Etron,7425.099999999999
2024-02-06,65.85,65.9,131.75,-0.06,21.84,KCE,Etron,7425.039999999999
2024-02-07,76.28,118.24,194.51,-41.96,22.62,KCE,Etron,7383.079999999999
2024-02-08,82.34,63.84,146.19,18.5,26.76,KCE,Etron,7401.579999999999
2024-02-09,33.9,15.16,49.07,18.74,26.65,KCE,Etron,7420.319999999999
2024-02-12,11.79,16.98,28.78,-5.19,16.71,KCE,Etron,7415.129999999999
2024-02-13,64.46,90.98,155.45,-26.52,22.83,KCE,Etron,7388.609999999999
2024-02-14,145.97,290.9,436.87,-144.92,16.55,KCE,Etron,7243.689999999999
2024-02-15,225.84,107.37,333.21,118.47,23.57,KCE,Etron,7362.159999999999
2024-02-16,166.71,179.74,346.45,-13.03,30.02,KCE,Etron,7349.129999999999
2024-02-19,75.56,71.13,146.69,4.43,32.56,KCE,Etron,7353.5599999999995
2024-02-20,264.39,145.65,410.04,118.74,31.04,KCE,Etron,7472.299999999999
2024-02-21,214.51,242.93,457.44,-28.42,35.4,KCE,Etron,7443.879999999999
2024-02-22,156.73,152.88,309.61,3.85,29.98,KCE,Etron,7447.73
2024-02-23,51.3,186.75,238.04,-135.45,27.61,KCE,Etron,7312.28
2024-02-27,78.22,79.58,157.8,-1.36,30.46,KCE,Etron,7310.92
2024-02-28,137.43,103.77,241.2,33.66,24.46,KCE,Etron,7344.58
2024-02-29,86.28,94.26,180.55,-7.98,25.83,KCE,Etron,7336.6
2024-03-01,47.44,51.61,99.05,-4.16,24.48,KCE,Etron,7332.4400000000005
2024-03-04,47.23,38.8,86.03,8.42,24.35,KCE,Etron,7340.860000000001
2024-03-05,56.1,68.98,125.08,-12.89,28.92,KCE,Etron,7327.97
2024-03-06,58.37,61.64,120.01,-3.27,24.55,KCE,Etron,7324.7
2024-03-07,24.67,65.11,89.78,-40.44,25.21,KCE,Etron,7284.26
2024-03-08,86.43,117.03,203.46,-30.6,24.7,KCE,Etron,7253.66
2024-03-11,71.33,115.01,186.34,-43.68,34.58,KCE,Etron,7209.98
2024-03-12,29.44,64.17,93.61,-34.72,22.92,KCE,Etron,7175.259999999999
2024-03-13,54.66,115.09,169.75,-60.42,25.33,KCE,Etron,7114.839999999999
2024-03-14,62.31,70.45,132.77,-8.14,17.05,KCE,Etron,7106.699999999999
2024-03-15,31.74,40.97,72.71,-9.23,16.77,KCE,Etron,7097.469999999999
2024-03-18,59.02,33.52,92.54,25.5,21.93,KCE,Etron,7122.969999999999
2024-03-19,38.79,49.67,88.47,-10.88,28.63,KCE,Etron,7112.089999999999
2024-03-20,34.78,50.53,85.31,-15.76,19.94,KCE,Etron,7096.329999999999
2024-03-21,126.33,104.84,231.17,21.48,20.64,KCE,Etron,7117.809999999999
2024-03-22,62.76,102.39,165.15,-39.62,23.49,KCE,Etron,7078.189999999999
2024-03-25,39.29,101.17,140.46,-61.87,24.01,KCE,Etron,7016.319999999999
2024-03-26,83.11,50.9,134.01,32.2,19.92,KCE,Etron,7048.519999999999
2024-03-27,40.38,138.02,178.4,-97.65,20.63,KCE,Etron,6950.869999999999
2024-03-28,49.19,82.77,131.96,-33.58,23.53,KCE,Etron,6917.289999999999
2024-03-29,41.81,48.82,90.63,-7.02,23.44,KCE,Etron,6910.269999999999
2024-04-01,22.09,38.07,60.16,-15.98,19.43,KCE,Etron,6894.289999999999
2024-04-02,24.98,36.57,61.55,-11.59,20.83,KCE,Etron,6882.699999999999
2024-04-03,18.18,34.91,53.1,-16.73,26.38,KCE,Etron,6865.969999999999
2024-04-04,21.64,26.58,48.22,-4.94,22.85,KCE,Etron,6861.03
2024-04-05,32.23,28.23,60.46,4.0,30.06,KCE,Etron,6865.03
2024-04-09,127.73,28.67,156.4,99.06,25.24,KCE,Etron,6964.09
2024-04-10,198.55,107.69,306.24,90.86,34.77,KCE,Etron,7054.95
2024-04-11,33.79,94.99,128.78,-61.2,29.15,KCE,Etron,6993.75
2024-04-17,91.53,202.27,293.8,-110.75,28.43,KCE,Etron,6883.0
2024-04-18,112.14,95.79,207.93,16.35,32.43,KCE,Etron,6899.35
2024-04-19,58.1,77.52,135.63,-19.42,28.08,KCE,Etron,6879.93
2024-04-22,82.34,100.31,182.64,-17.97,29.27,KCE,Etron,6861.96
2024-04-23,85.81,66.17,151.98,19.64,25.77,KCE,Etron,6881.6
2024-04-24,91.82,63.66,155.48,28.16,32.62,KCE,Etron,6909.76
2024-04-25,34.24,40.04,74.28,-5.8,20.92,KCE,Etron,6903.96
2024-04-26,34.12,34.53,68.65,-0.4,26.46,KCE,Etron,6903.56
2024-04-29,109.92,53.5,163.42,56.42,35.16,KCE,Etron,6959.9800000000005
2024-04-30,93.53,67.98,161.51,25.54,26.1,KCE,Etron,6985.52
2024-05-02,115.25,92.13,207.37,23.12,24.37,KCE,Etron,7008.64
2024-05-03,71.16,45.87,117.04,25.29,29.74,KCE,Etron,7033.93
2024-05-07,107.93,48.89,156.82,59.05,31.9,KCE,Etron,7092.9800000000005
2024-05-08,43.37,69.02,112.39,-25.64,33.44,KCE,Etron,7067.34
2024-05-09,73.1,89.94,163.04,-16.84,26.27,KCE,Etron,7050.5
2024-05-10,26.09,41.9,67.98,-15.81,29.06,KCE,Etron,7034.69
2024-05-13,42.03,49.46,91.49,-7.42,28.32,KCE,Etron,7027.2699999999995
2024-05-14,88.78,52.71,141.49,36.07,24.42,KCE,Etron,7063.339999999999
2024-05-15,548.96,282.34,831.3,266.62,24.59,KCE,Etron,7329.959999999999
2024-05-16,196.34,170.95,367.29,25.39,24.44,KCE,Etron,7355.349999999999
2024-05-17,119.86,90.47,210.33,29.39,30.91,KCE,Etron,7384.74
2024-05-20,99.07,120.87,219.94,-21.8,30.36,KCE,Etron,7362.94
2024-05-21,54.8,70.65,125.45,-15.85,30.85,KCE,Etron,7347.089999999999
2024-05-23,98.92,77.21,176.13,21.72,24.97,KCE,Etron,7368.8099999999995
2024-05-24,65.45,103.41,168.87,-37.96,24.69,KCE,Etron,7330.849999999999
2024-05-27,75.01,78.52,153.53,-3.51,29.79,KCE,Etron,7327.339999999999
2024-05-28,41.33,56.35,97.69,-15.02,34.67,KCE,Etron,7312.319999999999
2024-05-29,40.1,28.54,68.65,11.56,23.97,KCE,Etron,7323.879999999999
2024-05-30,66.35,54.99,121.34,11.36,38.6,KCE,Etron,7335.239999999999
2024-05-31,104.29,114.79,219.09,-10.5,39.76,KCE,Etron,7324.739999999999
2024-06-04,92.18,121.98,214.16,-29.81,43.33,KCE,Etron,7294.9299999999985
2024-06-05,55.55,63.6,119.15,-8.06,39.74,KCE,Etron,7286.869999999998
2024-06-06,310.62,196.06,506.68,114.56,32.14,KCE,Etron,7401.4299999999985
2024-06-07,89.9,133.41,223.31,-43.52,38.48,KCE,Etron,7357.909999999998
2024-06-10,42.38,72.71,115.09,-30.33,28.22,KCE,Etron,7327.579999999998
2024-06-11,83.39,80.35,163.74,3.04,25.25,KCE,Etron,7330.619999999998
2024-06-12,117.51,173.88,291.38,-56.37,19.4,KCE,Etron,7274.249999999998
2024-06-13,177.67,231.41,409.08,-53.75,23.67,KCE,Etron,7220.499999999998
2024-06-14,217.89,253.16,471.05,-35.27,34.97,KCE,Etron,7185.229999999998
2024-06-17,79.66,91.08,170.75,-11.42,31.65,KCE,Etron,7173.809999999998
2024-06-18,99.38,113.01,212.39,-13.62,26.78,KCE,Etron,7160.189999999998
2024-06-19,179.55,182.66,362.21,-3.11,25.6,KCE,Etron,7157.079999999998
2024-06-20,56.88,73.55,130.43,-16.66,30.48,KCE,Etron,7140.419999999998
2024-06-21,139.66,408.26,547.92,-268.6,38.54,KCE,Etron,6871.819999999998
2024-06-24,89.71,113.91,203.62,-24.19,29.6,KCE,Etron,6847.629999999998
2024-06-25,68.86,78.0,146.86,-9.14,25.52,KCE,Etron,6838.489999999998
2024-06-26,40.75,64.57,105.33,-23.82,21.53,KCE,Etron,6814.669999999998
2024-06-27,31.45,32.04,63.49,-0.59,27.2,KCE,Etron,6814.079999999998
2024-06-28,317.61,127.14,444.75,190.47,35.85,KCE,Etron,7004.549999999998
2024-07-01,51.94,43.64,95.58,8.29,26.89,KCE,Etron,7012.839999999998
2024-07-02,50.47,91.35,141.81,-40.88,24.57,KCE,Etron,6971.959999999998
2024-07-03,38.2,54.08,92.28,-15.88,21.13,KCE,Etron,6956.079999999998
2024-07-04,177.45,119.86,297.31,57.59,23.02,KCE,Etron,7013.669999999998
2024-07-05,492.26,109.15,601.41,383.11,23.61,KCE,Etron,7396.779999999998
2024-07-08,183.52,187.89,371.41,-4.37,31.97,KCE,Etron,7392.409999999998
2024-07-09,140.24,58.44,198.68,81.79,22.51,KCE,Etron,7474.199999999998
2024-07-10,28.32,212.76,241.08,-184.44,18.12,KCE,Etron,7289.759999999998
2024-07-11,79.39,139.22,218.61,-59.83,22.74,KCE,Etron,7229.9299999999985
2024-07-12,46.42,94.13,140.55,-47.71,18.95,KCE,Etron,7182.219999999998
2024-07-15,60.6,66.76,127.36,-6.16,23.21,KCE,Etron,7176.059999999999
2024-07-16,37.15,99.91,137.06,-62.76,15.81,KCE,Etron,7113.299999999998
2024-07-17,79.78,73.97,153.76,5.81,13.62,KCE,Etron,7119.109999999999
2024-07-18,45.51,135.87,181.38,-90.35,18.37,KCE,Etron,7028.759999999998
2024-07-19,79.85,62.38,142.23,17.46,21.38,KCE,Etron,7046.219999999998
2024-07-23,46.51,108.45,154.95,-61.94,24.47,KCE,Etron,6984.279999999999
2024-07-24,39.27,61.72,100.99,-22.45,24.11,KCE,Etron,6961.829999999999
2024-07-25,76.82,65.39,142.21,11.43,16.61,KCE,Etron,6973.259999999999
2024-07-26,52.22,87.98,140.21,-35.76,21.75,KCE,Etron,6937.499999999999
2024-07-30,55.33,102.84,158.17,-47.51,14.98,KCE,Etron,6889.989999999999
2024-07-31,51.34,85.84,137.17,-34.5,21.18,KCE,Etron,6855.489999999999
2024-08-01,36.97,54.0,90.97,-17.03,13.84,KCE,Etron,6838.459999999999
2024-08-02,57.33,109.22,166.55,-51.89,22.35,KCE,Etron,6786.569999999999
2024-08-05,24.7,138.2,162.9,-113.49,21.48,KCE,Etron,6673.079999999999
2024-08-06,132.74,120.17,252.91,12.57,25.44,KCE,Etron,6685.649999999999
2024-08-07,76.25,107.31,183.56,-31.07,23.09,KCE,Etron,6654.579999999999
2024-08-08,54.39,36.47,90.86,17.92,16.68,KCE,Etron,6672.499999999999
2024-08-09,115.53,75.37,190.9,40.17,18.98,KCE,Etron,6712.669999999999
2024-08-13,36.21,41.12,77.33,-4.9,19.61,KCE,Etron,6707.7699999999995
2024-08-14,402.3,113.33,515.63,288.97,20.81,KCE,Etron,6996.74
2024-08-15,137.4,151.87,289.28,-14.47,20.58,KCE,Etron,6982.2699999999995
2024-08-16,62.4,60.1,122.49,2.3,20.82,KCE,Etron,6984.57
2024-08-19,61.64,87.47,149.11,-25.82,18.56,KCE,Etron,6958.75
2024-08-20,60.13,105.31,165.44,-45.18,16.16,KCE,Etron,6913.57
2024-08-21,31.44,94.85,126.29,-63.41,23.11,KCE,Etron,6850.16
2024-08-22,23.27,112.43,135.71,-89.16,18.17,KCE,Etron,6761.0
2024-08-23,55.18,60.14,115.32,-4.95,15.67,KCE,Etron,6756.05
2024-08-26,47.59,27.35,74.93,20.24,14.37,KCE,Etron,6776.29
2024-08-27,29.11,79.47,108.57,-50.36,18.85,KCE,Etron,6725.93
2024-08-28,77.53,50.33,127.86,27.21,13.83,KCE,Etron,6753.14
2024-08-29,11.91,46.45,58.36,-34.55,14.23,KCE,Etron,6718.59
2024-08-30,58.72,53.09,111.82,5.63,26.11,KCE,Etron,6724.22
2024-09-02,10.45,19.49,29.95,-9.04,13.82,KCE,Etron,6715.18
2024-09-03,56.35,30.4,86.75,25.95,22.56,KCE,Etron,6741.13
2024-09-04,25.82,68.16,93.98,-42.34,18.9,KCE,Etron,6698.79
2024-09-05,51.55,73.24,124.79,-21.68,17.83,KCE,Etron,6677.11
2024-09-06,58.93,148.45,207.38,-89.52,19.17,KCE,Etron,6587.589999999999
2024-09-09,105.14,70.25,175.39,34.89,18.26,KCE,Etron,6622.48
2024-09-10,130.76,61.96,192.72,68.8,15.56,KCE,Etron,6691.28
2024-09-11,37.23,108.26,145.49,-71.03,17.74,KCE,Etron,6620.25
2024-09-12,43.64,48.59,92.24,-4.95,15.81,KCE,Etron,6615.3
2024-09-13,10.88,13.27,24.15,-2.39,8.21,KCE,Etron,6612.91
2024-09-16,17.37,11.6,28.96,5.77,12.29,KCE,Etron,6618.68
2024-09-17,73.4,15.33,88.73,58.08,10.54,KCE,Etron,6676.76
2024-09-18,61.3,110.2,171.5,-48.9,14.86,KCE,Etron,6627.860000000001
2024-09-19,42.65,30.12,72.76,12.53,9.16,KCE,Etron,6640.39
2024-09-20,165.32,61.12,226.45,104.2,16.87,KCE,Etron,6744.59
2024-09-23,61.65,58.04,119.69,3.61,19.02,KCE,Etron,6748.2
2024-09-24,53.96,34.15,88.12,19.81,12.4,KCE,Etron,6768.01
2024-09-25,13.63,18.58,32.22,-4.95,6.2,KCE,Etron,6763.06
2024-09-26,44.23,62.17,106.4,-17.94,13.75,KCE,Etron,6745.120000000001
2024-09-27,8.47,35.94,44.41,-27.47,10.97,KCE,Etron,6717.650000000001
2024-09-30,25.93,31.8,57.74,-5.87,14.41,KCE,Etron,6711.780000000001
2024-10-01,103.16,26.42,129.58,76.74,11.81,KCE,Etron,6788.52
2024-10-02,42.22,80.1,122.33,-37.88,15.07,KCE,Etron,6750.64
2024-10-03,12.34,27.6,39.94,-15.26,11.59,KCE,Etron,6735.38
2024-10-04,54.15,72.11,126.26,-17.96,15.18,KCE,Etron,6717.42
2024-10-07,12.64,24.48,37.12,-11.84,10.93,KCE,Etron,6705.58
2024-10-08,61.07,34.42,95.48,26.65,19.98,KCE,Etron,6732.23
2024-10-09,23.76,63.09,86.85,-39.33,15.23,KCE,Etron,6692.9
2024-10-10,96.97,53.75,150.72,43.23,18.31,KCE,Etron,6736.129999999999
2024-10-11,31.95,53.27,85.21,-21.32,12.79,KCE,Etron,6714.8099999999995
2024-10-15,39.01,39.44,78.45,-0.43,20.36,KCE,Etron,6714.379999999999
2024-10-16,12.88,54.95,67.83,-42.07,13.92,KCE,Etron,6672.3099999999995
2024-10-17,19.81,42.33,62.14,-22.52,10.7,KCE,Etron,6649.789999999999
2024-10-18,7.32,28.49,35.81,-21.16,6.85,KCE,Etron,6628.629999999999
2024-10-21,20.72,26.66,47.39,-5.94,12.55,KCE,Etron,6622.69
2024-10-22,20.15,27.23,47.38,-7.08,20.42,KCE,Etron,6615.61
2024-10-24,16.56,61.09,77.65,-44.53,18.56,KCE,Etron,6571.08
2024-10-25,4.74,2.93,7.66,1.81,9.21,KCE,Etron,6572.89
2024-10-28,31.4,13.04,44.44,18.37,10.81,KCE,Etron,6591.26
2024-10-29,62.72,40.53,103.25,22.2,10.94,KCE,Etron,6613.46
2024-10-30,90.86,32.25,123.11,58.61,14.64,KCE,Etron,6672.07
2024-10-31,248.6,115.35,363.95,133.26,16.36,KCE,Etron,6805.33
2024-11-01,41.33,65.89,107.22,-24.56,16.0,KCE,Etron,6780.7699999999995
2024-11-04,27.06,44.08,71.14,-17.02,20.6,KCE,Etron,6763.749999999999
2024-11-05,34.86,65.7,100.56,-30.84,15.55,KCE,Etron,6732.909999999999
2024-11-06,186.75,127.49,314.24,59.25,13.01,KCE,Etron,6792.159999999999
2024-11-07,150.33,152.49,302.82,-2.16,17.99,KCE,Etron,6789.999999999999
2024-11-08,149.86,86.21,236.07,63.65,13.63,KCE,Etron,6853.649999999999
2024-11-11,87.52,75.19,162.71,12.33,14.19,KCE,Etron,6865.979999999999
2024-11-12,96.59,89.98,186.57,6.61,13.29,KCE,Etron,6872.589999999998
2024-11-13,73.09,134.07,207.15,-60.98,16.75,KCE,Etron,6811.609999999999
2024-11-14,65.43,67.47,132.9,-2.03,14.2,KCE,Etron,6809.579999999999
2024-11-15,58.19,54.02,112.21,4.17,17.28,KCE,Etron,6813.749999999999
2024-11-18,22.66,14.11,36.77,8.55,8.05,KCE,Etron,6822.299999999999
2024-11-19,19.64,33.34,52.98,-13.7,9.25,KCE,Etron,6808.599999999999
2024-11-20,29.25,29.4,58.66,-0.15,13.01,KCE,Etron,6808.45
2024-11-21,26.33,47.5,73.83,-21.18,15.23,KCE,Etron,6787.2699999999995
2024-11-22,72.25,35.06,107.31,37.2,18.3,KCE,Etron,6824.469999999999
2024-11-25,71.37,46.97,118.34,24.39,21.11,KCE,Etron,6848.86
2024-11-26,68.1,40.31,108.41,27.79,18.43,KCE,Etron,6876.65
2024-11-27,26.69,29.72,56.41,-3.03,20.17,KCE,Etron,6873.62
2024-11-28,86.21,37.42,123.63,48.79,19.61,KCE,Etron,6922.41
2024-11-29,68.66,32.65,101.31,36.01,20.13,KCE,Etron,6958.42
2024-12-02,37.99,47.28,85.27,-9.29,23.96,KCE,Etron,6949.13
2024-12-03,43.6,79.54,123.14,-35.94,27.19,KCE,Etron,6913.1900000000005
2024-12-04,33.71,38.14,71.85,-4.43,17.69,KCE,Etron,6908.76
2024-12-06,73.48,73.87,147.35,-0.39,29.11,KCE,Etron,6908.37
2024-12-09,45.35,81.38,126.73,-36.03,20.33,KCE,Etron,6872.34
2024-12-11,73.21,33.17,106.39,40.04,19.59,KCE,Etron,6912.38
2024-12-12,63.1,71.53,134.64,-8.43,21.89,KCE,Etron,6903.95
2024-12-13,30.9,49.61,80.52,-18.71,24.93,KCE,Etron,6885.24
2024-12-16,68.23,69.89,138.12,-1.66,20.99,KCE,Etron,6883.58
2024-12-17,112.04,67.75,179.79,44.29,25.03,KCE,Etron,6927.87
2024-12-18,235.2,47.97,283.17,187.24,22.38,KCE,Etron,7115.11
2024-12-19,284.0,113.57,397.56,170.43,19.02,KCE,Etron,7285.54
2024-12-20,76.37,101.96,178.33,-25.59,20.75,KCE,Etron,7259.95
2024-12-23,51.53,84.1,135.63,-32.58,15.28,KCE,Etron,7227.37
2024-12-24,29.03,54.03,83.06,-25.01,20.07,KCE,Etron,7202.36
2024-12-25,49.98,50.11,100.09,-0.13,19.29,KCE,Etron,7202.23
2024-12-26,72.88,89.91,162.79,-17.04,17.51,KCE,Etron,7185.19
2024-12-27,24.14,37.16,61.3,-13.02,19.16,KCE,Etron,7172.169999999999
2024-12-30,57.08,61.89,118.97,-4.81,23.34,KCE,Etron,7167.359999999999
2025-01-02,63.49,99.47,162.96,-35.98,25.93,KCE,Etron,7131.379999999999
2025-01-03,51.19,74.53,125.72,-23.33,17.77,KCE,Etron,7108.049999999999
2025-01-06,82.83,82.72,165.55,0.12,24.57,KCE,Etron,7108.169999999999
2025-01-07,147.76,93.67,241.43,54.09,20.38,KCE,Etron,7162.259999999999
2025-01-08,27.59,175.16,202.75,-147.58,16.73,KCE,Etron,7014.679999999999
2025-01-09,73.76,100.49,174.25,-26.73,24.56,KCE,Etron,6987.95
2025-01-10,45.46,61.83,107.29,-16.37,24.85,KCE,Etron,6971.58
2025-01-13,49.32,40.32,89.65,9.0,24.93,KCE,Etron,6980.58
2025-01-14,33.16,36.86,70.03,-3.7,19.97,KCE,Etron,6976.88
2025-01-15,34.3,14.39,48.7,19.91,19.11,KCE,Etron,6996.79
2025-01-16,27.01,28.49,55.5,-1.48,23.32,KCE,Etron,6995.31
2025-01-17,26.0,43.68,69.68,-17.69,24.11,KCE,Etron,6977.620000000001
2025-01-20,36.4,13.89,50.28,22.51,13.83,KCE,Etron,7000.130000000001
2025-01-21,90.11,29.2,119.31,60.91,22.88,KCE,Etron,7061.040000000001
2025-01-22,21.71,31.69,53.4,-9.98,18.36,KCE,Etron,7051.060000000001
2025-01-23,25.3,27.58,52.88,-2.29,13.85,KCE,Etron,7048.770000000001
2025-01-24,49.67,12.0,61.67,37.67,21.23,KCE,Etron,7086.440000000001
2025-01-27,12.04,33.92,45.96,-21.88,19.58,KCE,Etron,7064.560000000001
2025-01-28,34.16,19.92,54.08,14.24,24.11,KCE,Etron,7078.800000000001
2025-01-29,10.99,22.99,33.99,-12.0,18.88,KCE,Etron,7066.800000000001
2025-01-30,20.59,26.65,47.24,-6.06,22.6,KCE,Etron,7060.740000000001
2025-01-31,25.54,38.43,63.97,-12.89,24.54,KCE,Etron,7047.85
2025-02-03,48.89,40.37,89.25,8.52,17.76,KCE,Etron,7056.370000000001
2025-02-04,86.19,56.08,142.27,30.1,22.32,KCE,Etron,7086.470000000001
2025-02-05,88.15,15.35,103.5,72.8,19.51,KCE,Etron,7159.270000000001
2025-02-06,34.36,18.22,52.58,16.14,20.24,KCE,Etron,7175.410000000002
2025-02-07,41.32,29.46,70.78,11.86,27.68,KCE,Etron,7187.270000000001
2025-02-10,37.81,32.94,70.75,4.87,26.81,KCE,Etron,7192.140000000001
2025-02-11,100.31,29.76,130.06,70.55,22.89,KCE,Etron,7262.690000000001
2025-02-13,56.08,49.83,105.9,6.25,19.85,KCE,Etron,7268.940000000001
2025-02-14,55.36,24.96,80.32,30.41,22.86,KCE,Etron,7299.350000000001
2025-02-17,57.47,40.51,97.98,16.96,23.5,KCE,Etron,7316.310000000001
2025-02-18,54.53,49.3,103.82,5.23,20.69,KCE,Etron,7321.540000000001
2025-02-19,62.95,51.67,114.61,11.28,19.84,KCE,Etron,7332.820000000001
2025-02-20,94.68,55.01,149.69,39.67,27.2,KCE,Etron,7372.490000000001
2025-02-21,13.94,43.1,57.04,-29.16,24.71,KCE,Etron,7343.330000000001
2025-02-24,44.27,25.51,69.77,18.76,21.22,KCE,Etron,7362.090000000001
2025-02-25,65.45,61.01,126.47,4.44,21.56,KCE,Etron,7366.530000000001
2025-02-26,83.52,68.6,152.12,14.92,26.98,KCE,Etron,7381.450000000001
2025-02-27,42.61,75.52,118.13,-32.91,32.89,KCE,Etron,7348.540000000001
2025-02-28,108.33,85.48,193.82,22.85,32.19,KCE,Etron,7371.390000000001
2025-03-03,56.19,23.57,79.76,32.62,23.03,KCE,Etron,7404.010000000001
2025-03-04,40.91,12.57,53.47,28.34,19.29,KCE,Etron,7432.350000000001
2025-03-05,76.11,23.97,100.08,52.14,26.67,KCE,Etron,7484.490000000002
2025-03-06,32.43,36.18,68.6,-3.75,23.6,KCE,Etron,7480.740000000002
2025-03-07,60.42,52.38,112.8,8.04,28.16,KCE,Etron,7488.780000000002
2025-03-10,27.29,38.16,65.45,-10.86,24.44,KCE,Etron,7477.920000000002
2025-03-11,55.56,28.58,84.14,26.99,21.47,KCE,Etron,7504.910000000002
2025-03-12,27.93,68.99,96.93,-41.06,27.68,KCE,Etron,7463.850000000001
2025-03-13,24.75,23.52,48.28,1.23,20.06,KCE,Etron,7465.080000000001
2025-03-14,50.97,14.45,65.41,36.52,23.13,KCE,Etron,7501.600000000001
2025-03-17,16.28,40.24,56.52,-23.95,23.68,KCE,Etron,7477.6500000000015
2025-03-18,14.77,39.94,54.71,-25.17,26.14,KCE,Etron,7452.480000000001
2025-03-19,47.78,18.81,66.58,28.97,21.25,KCE,Etron,7481.450000000002
2025-03-20,14.94,31.52,46.46,-16.58,17.75,KCE,Etron,7464.870000000002
2025-03-21,32.29,39.0,71.29,-6.71,28.21,KCE,Etron,7458.160000000002
2025-03-24,6.99,29.64,36.63,-22.65,25.47,KCE,Etron,7435.510000000002
2025-03-25,6.87,22.88,29.74,-16.01,20.58,KCE,Etron,7419.500000000002
2025-03-26,10.19,9.68,19.87,0.51,13.77,KCE,Etron,7420.010000000002
2025-03-27,34.67,34.92,69.59,-0.25,25.16,KCE,Etron,7419.760000000002
2025-03-28,3.68,18.3,21.97,-14.62,25.74,KCE,Etron,7405.140000000002
2025-03-31,52.64,39.09,91.73,13.55,25.88,KCE,Etron,7418.690000000002
2025-04-01,15.66,40.12,55.78,-24.46,21.64,KCE,Etron,7394.230000000002
2025-04-02,28.14,22.65,50.79,5.48,21.21,KCE,Etron,7399.710000000002
2025-04-03,38.18,33.78,71.95,4.4,20.56,KCE,Etron,7404.1100000000015
2025-04-04,9.44,50.34,59.78,-40.9,24.54,KCE,Etron,7363.210000000002
2025-04-08,28.93,41.83,70.76,-12.9,17.08,KCE,Etron,7350.310000000002
2025-04-09,26.27,42.2,68.47,-15.92,36.23,KCE,Etron,7334.390000000002
2025-04-10,95.79,29.1,124.89,66.69,16.97,KCE,Etron,7401.080000000002
2025-04-11,26.11,23.81,49.92,2.3,28.07,KCE,Etron,7403.380000000002
2025-04-16,51.86,35.29,87.14,16.57,30.9,KCE,Etron,7419.950000000002
2025-04-17,37.91,42.27,80.18,-4.36,23.03,KCE,Etron,7415.590000000002
2025-04-18,41.38,29.55,70.93,11.83,25.18,KCE,Etron,7427.420000000002
2025-04-21,19.38,25.27,44.65,-5.9,21.26,KCE,Etron,7421.520000000002
2025-04-22,19.6,15.46,35.06,4.14,24.76,KCE,Etron,7425.660000000003
2025-04-23,21.47,28.52,49.99,-7.05,21.55,KCE,Etron,7418.610000000002
2025-04-24,44.23,35.74,79.97,8.49,15.95,KCE,Etron,7427.100000000002
2025-04-25,97.52,38.17,135.69,59.34,19.49,KCE,Etron,7486.440000000002
2025-04-28,18.6,37.94,56.54,-19.34,17.61,KCE,Etron,7467.100000000002
2025-04-29,37.73,30.27,68.0,7.47,20.04,KCE,Etron,7474.570000000002
2025-04-30,30.76,26.05,56.81,4.71,23.5,KCE,Etron,7479.2800000000025
2025-05-02,39.06,26.04,65.1,13.02,23.54,KCE,Etron,7492.300000000003
2025-05-06,17.81,44.11,61.92,-26.3,25.76,KCE,Etron,7466.000000000003
2025-05-07,51.48,13.82,65.3,37.66,25.73,KCE,Etron,7503.660000000003
2025-05-08,56.84,39.53,96.37,17.31,27.48,KCE,Etron,7520.970000000003
2025-05-09,36.76,25.27,62.03,11.49,29.95,KCE,Etron,7532.460000000003
2025-05-13,115.67,75.07,190.74,40.6,24.0,KCE,Etron,7573.060000000003
2025-05-14,29.49,90.36,119.86,-60.87,17.24,KCE,Etron,7512.190000000003
2025-05-15,62.62,169.07,231.69,-106.45,22.23,KCE,Etron,7405.740000000003
2025-05-16,20.89,46.62,67.51,-25.74,24.39,KCE,Etron,7380.000000000004
2025-05-19,36.97,44.47,81.44,-7.5,26.58,KCE,Etron,7372.500000000004
2025-05-20,17.59,45.91,63.5,-28.32,25.49,KCE,Etron,7344.180000000004
2025-05-21,29.59,37.75,67.34,-8.15,25.44,KCE,Etron,7336.030000000004
2025-05-22,9.52,20.37,29.89,-10.86,20.27,KCE,Etron,7325.170000000005
2025-05-23,15.46,39.77,55.24,-24.31,28.61,KCE,Etron,7300.860000000004
2025-05-26,18.78,18.63,37.41,0.15,23.78,KCE,Etron,7301.010000000004
2025-05-27,16.42,29.22,45.63,-12.8,24.45,KCE,Etron,7288.210000000004
2025-05-28,34.11,21.81,55.92,12.3,15.42,KCE,Etron,7300.510000000004
2025-05-29,47.94,24.5,72.44,23.43,16.54,KCE,Etron,7323.940000000004
2025-05-30,48.95,52.96,101.91,-4.01,34.84,KCE,Etron,7319.930000000004
2025-06-04,26.87,43.71,70.58,-16.84,25.84,KCE,Etron,7303.090000000004
2025-06-05,13.57,18.83,32.39,-5.26,22.89,KCE,Etron,7297.830000000004
2025-06-06,23.47,18.41,41.88,5.05,20.25,KCE,Etron,7302.880000000004
2025-06-09,32.23,17.54,49.77,14.69,23.2,KCE,Etron,7317.570000000003
2025-06-10,36.45,27.36,63.81,9.08,18.62,KCE,Etron,7326.650000000003
2025-06-11,14.38,14.0,28.39,0.38,14.96,KCE,Etron,7327.030000000003
2025-06-12,26.62,34.26,60.88,-7.64,24.03,KCE,Etron,7319.390000000003
2025-06-13,13.57,16.98,30.55,-3.42,18.02,KCE,Etron,7315.970000000003
2025-06-16,28.51,20.07,48.59,8.44,18.15,KCE,Etron,7324.410000000003
2025-06-17,21.36,19.36,40.72,2.0,19.19,KCE,Etron,7326.410000000003
2025-06-18,79.56,17.66,97.22,61.91,20.74,KCE,Etron,7388.320000000002
2025-06-19,20.41,40.66,61.07,-20.25,18.81,KCE,Etron,7368.070000000002
2025-06-20,87.4,34.71,122.11,52.69,26.56,KCE,Etron,7420.760000000002
2025-06-23,27.92,22.84,50.75,5.08,24.65,KCE,Etron,7425.840000000002
2025-06-24,44.49,40.68,85.17,3.81,22.68,KCE,Etron,7429.650000000002
2025-06-25,63.0,33.36,96.37,29.64,22.13,KCE,Etron,7459.290000000003
2025-06-26,142.72,91.27,233.99,51.46,17.62,KCE,Etron,7510.750000000003
2025-06-27,31.45,56.56,88.02,-25.11,20.68,KCE,Etron,7485.640000000003
2025-06-30,24.75,70.15,94.9,-45.4,21.31,KCE,Etron,7440.240000000003
2025-07-01,37.99,58.05,96.04,-20.06,14.8,KCE,Etron,7420.180000000003
2025-07-02,81.69,92.88,174.57,-11.19,12.23,KCE,Etron,7408.990000000003
2025-07-03,67.22,86.34,153.56,-19.12,11.05,KCE,Etron,7389.8700000000035
2025-07-04,106.66,100.09,206.75,6.58,15.26,KCE,Etron,7396.4500000000035
2025-07-07,59.5,127.16,186.66,-67.65,15.76,KCE,Etron,7328.800000000004
2025-07-08,123.8,93.58,217.39,30.22,13.99,KCE,Etron,7359.020000000004
2025-07-09,40.3,82.58,122.88,-42.28,12.42,KCE,Etron,7316.740000000004
2025-07-11,28.48,26.78,55.27,1.7,11.66,KCE,Etron,7318.440000000004
2025-07-14,27.41,56.02,83.44,-28.61,12.57,KCE,Etron,7289.8300000000045
2025-07-15,28.67,52.06,80.72,-23.39,10.36,KCE,Etron,7266.440000000004
2025-07-16,71.51,38.69,110.2,32.82,12.42,KCE,Etron,7299.260000000004
2025-07-17,97.41,88.23,185.64,9.18,17.0,KCE,Etron,7308.440000000004
2025-07-18,41.94,109.99,151.93,-68.05,17.24,KCE,Etron,7240.390000000004
2025-07-21,35.31,41.38,76.68,-6.07,16.66,KCE,Etron,7234.320000000004
2025-07-22,47.62,80.71,128.32,-33.09,18.81,KCE,Etron,7201.230000000004
2025-07-23,139.45,33.02,172.47,106.42,21.67,KCE,Etron,7307.650000000004
2025-07-24,70.66,119.68,190.34,-49.02,15.33,KCE,Etron,7258.630000000004
2025-07-25,109.87,76.44,186.31,33.43,19.11,KCE,Etron,7292.060000000004
2025-07-29,163.33,154.72,318.05,8.6,18.09,KCE,Etron,7300.660000000004
2025-07-30,84.69,157.98,242.67,-73.3,14.19,KCE,Etron,7227.360000000004
2025-07-31,64.44,91.93,156.37,-27.49,15.38,KCE,Etron,7199.870000000004
2025-08-01,118.56,147.21,265.77,-28.65,20.11,KCE,Etron,7171.220000000005
2025-08-04,90.0,73.34,163.34,16.66,20.05,KCE,Etron,7187.880000000005
2025-08-05,53.2,94.03,147.22,-40.83,18.2,KCE,Etron,7147.050000000005
2025-08-06,58.49,89.82,148.31,-31.33,16.16,KCE,Etron,7115.720000000005
2025-08-07,62.24,61.67,123.92,0.57,14.96,KCE,Etron,7116.2900000000045
2025-08-08,35.0,39.05,74.04,-4.05,18.41,KCE,Etron,7112.240000000004
2025-08-13,99.56,37.72,137.28,61.85,12.48,KCE,Etron,7174.090000000005
2025-08-14,175.18,148.18,323.36,27.0,19.17,KCE,Etron,7201.090000000005
2025-08-15,28.68,60.39,89.07,-31.71,20.33,KCE,Etron,7169.380000000005
2025-08-18,32.01,25.9,57.91,6.11,17.05,KCE,Etron,7175.490000000004
2025-08-19,7.79,13.51,21.3,-5.72,6.41,KCE,Etron,7169.770000000004
2025-08-20,30.68,33.87,64.55,-3.2,12.87,KCE,Etron,7166.570000000004
2025-08-21,39.21,41.75,80.96,-2.55,14.95,KCE,Etron,7164.020000000004
2025-08-22,42.2,113.56,155.77,-71.36,13.87,KCE,Etron,7092.660000000004
2025-08-25,12.44,38.46,50.89,-26.02,13.82,KCE,Etron,7066.640000000004
2025-08-26,37.94,29.96,67.9,7.98,16.12,KCE,Etron,7074.6200000000035
2025-08-27,36.57,21.81,58.38,14.77,14.23,KCE,Etron,7089.390000000004
2025-08-28,39.49,22.49,61.98,17.0,21.02,KCE,Etron,7106.390000000004
2025-08-29,32.47,55.39,87.86,-22.92,29.36,KCE,Etron,7083.470000000004
2025-09-01,10.1,25.93,36.03,-15.82,15.27,KCE,Etron,7067.650000000004
2025-09-02,4.99,16.86,21.85,-11.87,11.83,KCE,Etron,7055.780000000004
2025-09-03,18.33,34.24,52.57,-15.91,20.79,KCE,Etron,7039.870000000004
2025-09-04,10.77,34.09,44.86,-23.32,17.26,KCE,Etron,7016.550000000005
2025-09-05,27.99,36.21,64.19,-8.22,14.53,KCE,Etron,7008.3300000000045
2025-09-08,46.45,67.34,113.79,-20.89,16.16,KCE,Etron,6987.440000000004
2025-09-09,60.51,43.24,103.75,17.27,21.73,KCE,Etron,7004.710000000005
2025-09-10,24.91,25.21,50.12,-0.31,16.84,KCE,Etron,7004.400000000004
2025-09-11,34.67,30.79,65.47,3.88,18.4,KCE,Etron,7008.280000000004
2025-09-12,39.86,45.12,84.98,-5.25,20.94,KCE,Etron,7003.030000000004
2025-09-15,13.21,22.86,36.07,-9.65,20.81,KCE,Etron,6993.380000000005
2025-09-16,15.94,23.72,39.66,-7.78,13.38,KCE,Etron,6985.600000000005
2025-09-17,31.73,22.22,53.95,9.51,20.73,KCE,Etron,6995.110000000005
2025-09-18,39.28,40.63,79.91,-1.36,16.46,KCE,Etron,6993.7500000000055
2025-09-19,58.97,100.31,159.28,-41.34,37.41,KCE,Etron,6952.410000000005
2025-09-22,108.58,89.11,197.69,19.47,25.81,KCE,Etron,6971.880000000006
2025-09-23,95.58,103.07,198.65,-7.49,26.53,KCE,Etron,6964.390000000006
2025-09-24,50.46,75.77,126.23,-25.31,25.22,KCE,Etron,6939.080000000005
2025-09-25,65.21,83.59,148.8,-18.38,20.92,KCE,Etron,6920.700000000005
2025-09-26,72.28,89.36,161.64,-17.08,16.78,KCE,Etron,6903.620000000005
2025-09-29,79.03,50.67,129.7,28.36,17.89,KCE,Etron,6931.980000000005
2025-09-30,72.4,74.38,146.78,-1.98,29.55,KCE,Etron,6930.0000000000055
2025-10-01,60.03,61.93,121.96,-1.91,22.34,KCE,Etron,6928.090000000006
2025-10-02,117.77,95.15,212.92,22.62,24.12,KCE,Etron,6950.7100000000055
2025-10-03,78.2,95.0,173.21,-16.8,21.14,KCE,Etron,6933.910000000005
2025-10-06,60.03,32.54,92.57,27.48,16.04,KCE,Etron,6961.390000000005
2025-10-07,302.15,64.78,366.93,237.37,22.7,KCE,Etron,7198.760000000005
2025-10-08,75.74,84.31,160.05,-8.56,26.8,KCE,Etron,7190.200000000004
2025-10-09,67.78,109.8,177.58,-42.02,13.52,KCE,Etron,7148.180000000004
2025-10-10,43.39,58.55,101.94,-15.15,18.21,KCE,Etron,7133.030000000004
2025-10-14,88.17,61.12,149.29,27.05,23.62,KCE,Etron,7160.0800000000045
2025-10-15,211.55,155.59,367.14,55.96,43.22,KCE,Etron,7216.0400000000045
2025-10-16,108.96,45.0,153.96,63.97,17.16,KCE,Etron,7280.010000000005
2025-10-17,96.13,90.42,186.56,5.71,17.73,KCE,Etron,7285.720000000005
2025-10-20,14.03,41.84,55.87,-27.81,20.9,KCE,Etron,7257.910000000004
2025-10-21,25.7,32.83,58.53,-7.12,17.39,KCE,Etron,7250.7900000000045
2025-10-22,53.39,53.51,106.9,-0.11,21.85,KCE,Etron,7250.680000000005
2025-10-24,64.47,52.49,116.97,11.98,25.92,KCE,Etron,7262.660000000004
2025-10-27,135.61,79.34,214.96,56.27,19.43,KCE,Etron,7318.930000000005
2025-10-28,41.44,57.53,98.96,-16.09,21.35,KCE,Etron,7302.840000000005
2025-10-29,42.33,37.95,80.28,4.38,25.34,KCE,Etron,7307.220000000005
2025-10-30,110.13,62.82,172.95,47.31,20.17,KCE,Etron,7354.530000000005
2025-10-31,24.53,84.72,109.25,-60.19,22.62,KCE,Etron,7294.340000000006
2025-11-03,27.17,13.61,40.78,13.56,12.98,KCE,Etron,7307.900000000006
2025-11-04,57.85,78.83,136.68,-20.98,21.21,KCE,Etron,7286.920000000006
2025-11-05,49.22,58.71,107.93,-9.49,18.18,KCE,Etron,7277.430000000007
2025-11-06,51.15,32.75,83.9,18.4,19.16,KCE,Etron,7295.830000000006
2025-11-07,36.48,162.12,198.6,-125.64,24.74,KCE,Etron,7170.190000000006
2025-11-10,79.36,77.91,157.26,1.45,19.35,KCE,Etron,7171.640000000006
2025-11-11,57.22,47.78,105.0,9.43,15.58,KCE,Etron,7181.070000000006
2025-11-12,195.79,96.28,292.08,99.51,18.33,KCE,Etron,7280.580000000006
2025-11-13,102.43,92.19,194.62,10.24,16.56,KCE,Etron,7290.820000000006
2025-11-14,49.68,54.59,104.26,-4.91,26.13,KCE,Etron,7285.910000000006
2025-11-17,31.58,26.59,58.17,5.0,18.9,KCE,Etron,7290.910000000006
2025-11-18,25.08,47.09,72.17,-22.01,22.07,KCE,Etron,7268.900000000006
2025-11-19,55.02,40.76,95.78,14.25,25.81,KCE,Etron,7283.150000000006
2025-11-20,85.9,56.82,142.72,29.08,23.94,KCE,Etron,7312.230000000006
2025-11-21,40.42,51.17,91.59,-10.75,24.5,KCE,Etron,7301.480000000006
2025-11-24,52.87,41.26,94.13,11.61,33.73,KCE,Etron,7313.090000000006
2025-11-25,33.99,41.48,75.48,-7.49,24.56,KCE,Etron,7305.600000000006
2025-11-26,46.23,29.74,75.97,16.49,24.66,KCE,Etron,7322.090000000006
2025-11-27,31.97,28.84,60.81,3.12,25.38,KCE,Etron,7325.2100000000055
2025-11-28,29.0,22.61,51.61,6.39,29.47,KCE,Etron,7331.600000000006
2025-12-01,97.17,29.42,126.58,67.75,29.76,KCE,Etron,7399.350000000006
2025-12-02,11.07,54.02,65.09,-42.95,25.57,KCE,Etron,7356.400000000006
2025-12-03,9.05,21.08,30.13,-12.02,30.62,KCE,Etron,7344.380000000006
2025-12-04,7.17,26.54,33.71,-19.37,21.69,KCE,Etron,7325.010000000006
2025-12-08,23.42,24.28,47.7,-0.86,24.79,KCE,Etron,7324.150000000006
2025-12-09,27.32,28.4,55.73,-1.08,24.88,KCE,Etron,7323.070000000006
2025-12-11,27.43,22.61,50.04,4.83,28.47,KCE,Etron,7327.900000000006
2025-12-12,42.68,38.0,80.68,4.67,21.77,KCE,Etron,7332.570000000006
2025-12-15,42.07,23.81,65.88,18.26,26.56,KCE,Etron,7350.830000000006
2025-12-16,5.27,24.44,29.71,-19.16,27.12,KCE,Etron,7331.670000000006
2025-12-17,20.53,26.55,47.08,-6.02,32.42,KCE,Etron,7325.650000000006
2025-12-18,28.71,42.46,71.17,-13.74,22.82,KCE,Etron,7311.910000000006
2025-12-19,29.66,27.12,56.78,2.54,16.81,KCE,Etron,7314.450000000006
2025-12-22,58.51,27.22,85.73,31.29,23.22,KCE,Etron,7345.740000000006
2025-12-23,51.37,45.98,97.35,5.4,22.94,KCE,Etron,7351.140000000006
2025-12-24,55.08,24.47,79.55,30.61,17.99,KCE,Etron,7381.7500000000055
2025-12-25,98.52,140.76,239.28,-42.24,12.38,KCE,Etron,7339.510000000006
2025-12-26,49.72,28.88,78.6,20.84,17.46,KCE,Etron,7360.350000000006
2025-12-29,57.44,34.8,92.24,22.64,24.74,KCE,Etron,7382.990000000006
2025-12-30,60.87,30.68,91.55,30.19,19.62,KCE,Etron,7413.180000000006
2026-01-05,60.23,44.69,104.92,15.54,27.67,KCE,Etron,7428.720000000006
2026-01-06,81.48,64.64,146.12,16.84,29.99,KCE,Etron,7445.560000000006
2026-01-07,116.84,21.44,138.28,95.41,26.87,KCE,Etron,7540.970000000006
2026-01-08,49.58,104.39,153.97,-54.81,33.21,KCE,Etron,7486.160000000005
2026-01-09,38.91,42.22,81.14,-3.31,24.11,KCE,Etron,7482.850000000005
2026-01-12,45.35,35.94,81.28,9.41,30.23,KCE,Etron,7492.260000000005
2026-01-13,56.87,46.36,103.23,10.51,31.22,KCE,Etron,7502.770000000005
2026-01-14,52.54,43.18,95.72,9.35,37.6,KCE,Etron,7512.120000000005
2026-01-15,57.09,60.99,118.08,-3.9,28.69,KCE,Etron,7508.220000000006
2026-01-16,39.03,72.1,111.13,-33.07,33.21,KCE,Etron,7475.150000000006
2026-01-19,66.92,42.09,109.01,24.83,29.66,KCE,Etron,7499.980000000006
2026-01-20,23.56,58.2,81.76,-34.64,22.32,KCE,Etron,7465.340000000006
2026-01-21,72.77,36.25,109.01,36.52,24.48,KCE,Etron,7501.860000000006
2026-01-22,75.46,134.7,210.15,-59.24,18.87,KCE,Etron,7442.620000000006
2026-01-23,54.21,38.73,92.93,15.48,22.39,KCE,Etron,7458.100000000006
2026-01-26,28.99,24.16,53.15,4.83,22.53,KCE,Etron,7462.930000000006
2026-01-27,52.53,21.29,73.81,31.24,23.54,KCE,Etron,7494.1700000000055
2026-01-28,61.26,74.82,136.08,-13.57,18.13,KCE,Etron,7480.600000000006
2026-01-29,22.04,42.96,65.0,-20.91,19.03,KCE,Etron,7459.690000000006
2026-01-30,18.6,24.67,43.27,-6.07,21.76,KCE,Etron,7453.620000000006
2026-02-02,34.26,68.95,103.21,-34.69,18.32,KCE,Etron,7418.930000000007
2026-02-03,95.33,12.13,107.45,83.2,26.23,KCE,Etron,7502.1300000000065
2026-02-04,42.61,63.08,105.69,-20.47,32.49,KCE,Etron,7481.660000000006
2026-02-05,60.99,59.64,120.63,1.34,29.99,KCE,Etron,7483.000000000006
2026-02-06,29.78,29.97,59.75,-0.18,23.73,KCE,Etron,7482.820000000006
2026-02-09,109.65,44.28,153.93,65.37,29.03,KCE,Etron,7548.190000000006
2026-02-10,47.39,76.74,124.12,-29.35,21.18,KCE,Etron,7518.840000000006
2026-02-11,64.49,159.54,224.03,-95.05,17.46,KCE,Etron,7423.790000000005
2026-02-12,88.08,95.45,183.54,-7.37,17.8,KCE,Etron,7416.4200000000055
2026-02-13,40.76,51.13,91.89,-10.37,14.77,KCE,Etron,7406.050000000006
2026-02-16,57.75,90.03,147.78,-32.27,26.54,KCE,Etron,7373.780000000005
2026-02-17,109.59,34.06,143.64,75.53,19.51,KCE,Etron,7449.310000000005
2026-02-18,74.63,85.14,159.76,-10.51,20.11,KCE,Etron,7438.800000000005
2026-02-19,184.11,169.21,353.32,14.9,16.77,KCE,Etron,7453.700000000004
2026-02-20,83.75,194.57,278.32,-110.82,26.16,KCE,Etron,7342.880000000005
2026-02-23,168.52,192.36,360.88,-23.84,22.08,KCE,Etron,7319.0400000000045
2026-02-24,50.23,59.61,109.84,-9.37,25.56,KCE,Etron,7309.670000000005
2026-02-25,68.57,71.84,140.41,-3.27,23.37,KCE,Etron,7306.400000000004
2026-02-26,13.11,27.63,40.74,-14.52,15.64,KCE,Etron,7291.880000000004
2026-02-27,41.25,59.1,100.35,-17.85,19.32,KCE,Etron,7274.030000000003
2026-03-02,125.7,113.64,239.34,12.05,25.34,KCE,Etron,7286.080000000004
2026-03-04,75.95,117.26,193.21,-41.32,28.53,KCE,Etron,7244.760000000004
2026-03-05,98.98,77.84,176.81,21.14,26.24,KCE,Etron,7265.900000000004
2026-03-06,98.65,154.95,253.6,-56.3,23.99,KCE,Etron,7209.600000000004
2026-03-09,109.91,110.93,220.84,-1.01,22.25,KCE,Etron,7208.590000000004
2026-03-10,198.4,228.3,426.7,-29.89,24.88,KCE,Etron,7178.7000000000035
2026-03-11,132.25,95.37,227.63,36.88,14.15,KCE,Etron,7215.580000000004
2026-03-12,203.92,171.01,374.92,32.91,18.11,KCE,Etron,7248.490000000003
2026-03-13,27.53,77.81,105.34,-50.28,13.1,KCE,Etron,7198.210000000004
2026-03-16,185.78,71.6,257.38,114.18,11.38,KCE,Etron,7312.390000000004
2026-03-17,187.39,235.25,422.64,-47.86,11.97,KCE,Etron,7264.530000000004
2026-03-18,302.32,159.33,461.64,142.99,17.7,KCE,Etron,7407.520000000004
2026-03-19,245.9,181.99,427.89,63.91,16.92,KCE,Etron,7471.430000000004
2026-03-20,235.28,215.18,450.46,20.11,19.86,KCE,Etron,7491.540000000004
2026-03-23,112.6,132.66,245.26,-20.06,18.11,KCE,Etron,7471.480000000003
2026-03-24,145.83,135.37,281.2,10.45,20.23,KCE,Etron,7481.930000000003
2026-03-25,312.2,233.5,545.7,78.7,17.42,KCE,Etron,7560.630000000003
2026-03-26,127.09,195.28,322.37,-68.19,18.7,KCE,Etron,7492.440000000003
2026-03-27,93.4,72.3,165.7,21.1,19.69,KCE,Etron,7513.540000000004
2026-03-30,83.53,109.16,192.69,-25.63,23.05,KCE,Etron,7487.9100000000035
2026-03-31,81.46,163.44,244.9,-81.98,19.54,KCE,Etron,7405.930000000004
2026-04-01,159.71,135.09,294.8,24.62,17.13,KCE,Etron,7430.550000000004
2026-04-02,51.05,111.96,163.01,-60.91,15.7,KCE,Etron,7369.640000000004
2026-04-03,45.05,65.96,111.01,-20.91,16.89,KCE,Etron,7348.730000000004
2026-04-07,87.95,71.28,159.23,16.68,21.1,KCE,Etron,7365.410000000004
2026-04-08,74.63,85.5,160.12,-10.87,18.08,KCE,Etron,7354.5400000000045
2026-04-09,432.26,226.88,659.15,205.38,18.8,KCE,Etron,7559.920000000005
2026-04-10,692.8,83.86,776.66,608.93,21.94,KCE,Etron,8168.850000000005
2026-04-16,147.71,291.57,439.28,-143.85,26.66,KCE,Etron,8025.000000000005
2026-04-17,166.49,192.11,358.6,-25.62,18.59,KCE,Etron,7999.380000000005
2026-04-20,122.35,140.08,262.43,-17.74,20.74,KCE,Etron,7981.640000000005
2026-04-21,295.42,220.16,515.59,75.26,21.71,KCE,Etron,8056.900000000005
2026-04-22,205.4,157.5,362.9,47.9,19.86,KCE,Etron,8104.800000000005
2026-04-23,74.05,217.38,291.43,-143.33,21.48,KCE,Etron,7961.470000000005
2026-04-24,62.48,227.62,290.1,-165.14,16.31,KCE,Etron,7796.3300000000045
2026-04-27,333.27,188.98,522.25,144.28,18.38,KCE,Etron,7940.610000000004
2026-04-28,100.78,328.38,429.17,-227.6,20.96,KCE,Etron,7713.010000000004
2026-04-29,82.28,74.81,157.09,7.46,18.11,KCE,Etron,7720.470000000004
2026-04-30,135.27,120.51,255.79,14.76,23.71,KCE,Etron,7735.230000000004
2026-05-05,368.38,276.18,644.56,92.2,16.55,KCE,Etron,7827.430000000004
2026-05-06,269.97,286.63,556.6,-16.66,22.53,KCE,Etron,7810.770000000004
2026-05-07,131.24,130.53,261.77,0.71,16.82,KCE,Etron,7811.480000000004
2026-05-08,129.87,82.84,212.71,47.03,26.75,KCE,Etron,7858.510000000004
2026-05-11,98.33,49.66,147.99,48.67,12.96,KCE,Etron,7907.180000000004
2026-05-12,167.76,106.77,274.53,61.0,20.48,KCE,Etron,7968.180000000004
2026-05-13,425.84,487.6,913.43,-61.76,22.01,KCE,Etron,7906.420000000004
2026-05-14,305.62,139.31,444.93,166.31,21.5,KCE,Etron,8072.730000000004
2026-05-15,262.31,312.95,575.26,-50.64,28.36,KCE,Etron,8022.090000000004
2026-05-18,187.55,99.06,286.62,88.49,30.35,KCE,Etron,8110.580000000004
2026-05-19,132.78,95.14,227.93,37.64,26.09,KCE,Etron,8148.220000000004
2026-05-20,195.19,155.99,351.18,39.21,18.06,KCE,Etron,8187.430000000004
2026-05-21,94.99,128.56,223.55,-33.57,16.01,KCE,Etron,8153.860000000004
